country,deleted,description,effective_date,end_date,form_name_classification,legacy_return_name,major,minor,preview_image,purpose,region,revision,scope_level_guess,status,tax_form_code,tax_form_name
CA,False,Provincial Sales Tax Return,2017-07-01T00:00:00,9999-12-31T00:00:00,descriptive_local_label,CNBC,1,0,https://s3-us-west-2.amazonaws.com/tax-form-catalog-prd-us-west-2-data/tax-form-catalog/png/70602c49-5d8a-4d55-bd2f-dcd73b848d05.png,,BC,32,likely_state_or_province_level,PRODUCTION,CABC,CA British Columbia
CA,False,GST/HST Return for Registrants,2015-05-01T00:00:00,9999-12-31T00:00:00,descriptive_state_level_label,CNGSTHST,1,0,https://s3-us-west-2.amazonaws.com/tax-form-catalog-prd-us-west-2-data/tax-form-catalog/png/623946fd-d24d-44fc-b2c3-7d78bedce212.png,,CA,16,likely_state_or_province_level,PRODUCTION,CAGSTHST,CA GST HST
CA,False,Vendors Return-Retail Sales Tax,2024-05-01T00:00:00,9999-12-31T00:00:00,likely_official_or_near_official,CNMB2234,1,0,https://s3-us-west-2.amazonaws.com/tax-form-catalog-prd-us-west-2-data/tax-form-catalog/png/bba38ceb-900e-4d75-93ac-b58c2b5f59a7.png,,MB,18,likely_state_or_province_level,PRODUCTION,CAMB2234,CA Manitoba MB2234
CA,False,Quebec QST Return,1900-01-01T00:00:00,9999-12-31T00:00:00,descriptive_local_label,CNQC,1,0,https://s3-us-west-2.amazonaws.com/tax-form-catalog-prd-us-west-2-data/tax-form-catalog/png/a8ae4cf9-57ba-4400-a8c5-aaa8982e6557.png,,QC,16,likely_state_or_province_level,PRODUCTION,CAQC,CA Quebec
CA,False,"Goods and Services Tax, Harmonized Tax, Quebec Sales Tax",2024-11-01T00:00:00,9999-12-31T00:00:00,descriptive_local_label,CNQCDETAILED,1,0,https://s3-us-west-2.amazonaws.com/tax-form-catalog-prd-us-west-2-data/tax-form-catalog/png/9f69d5f9-c2e8-4201-9746-a87a8bc40619.png,,QC,23,likely_state_or_province_level,PRODUCTION,CAQCDETAILED,CA Quebec Detailed
CA,False,Provincial Sales Tax,2022-05-01T00:00:00,9999-12-31T00:00:00,descriptive_local_label,CNSK,1,0,https://s3-us-west-2.amazonaws.com/tax-form-catalog-prd-us-west-2-data/tax-form-catalog/png/d1a3cfb2-757e-46d5-9a7a-c201b53e7b80.png,,SK,18,likely_state_or_province_level,PRODUCTION,CASK,CA Saskatchewan
IN,False,Eway Bill India,2020-12-01T00:00:00,9999-12-31T00:00:00,descriptive_or_internal_label,INEWAYBILL,1,0,https://s3-us-west-2.amazonaws.com/tax-form-catalog-prd-us-west-2-data/tax-form-catalog/png/8c4d3a3a-b448-4b25-b46d-67f1105d2537.png,,IN,37,likely_state_or_province_level,PRODUCTION,INEWAYBILL,IN EWAY BILL
IN,False,Eway Consolidated Bill India,2018-10-01T00:00:00,9999-12-31T00:00:00,descriptive_or_internal_label,INEWAYCONSOLIDATED,1,0,https://s3-us-west-2.amazonaws.com/tax-form-catalog-prd-us-west-2-data/tax-form-catalog/png/0befbd12-ad6d-44a5-8c1b-b7345d42d1bf.png,,IN,12,likely_state_or_province_level,PRODUCTION,INEWAYCONSOLIDATED,IN Eway Consolidated
IN,False,INDIA E-INVOICE,2020-09-01T00:00:00,9999-12-31T00:00:00,descriptive_or_internal_label,INEINVOICE,1,0,https://s3-us-west-2.amazonaws.com/tax-form-catalog-prd-us-west-2-data/tax-form-catalog/png/78a5ed09-a974-4522-a49f-6f709658bc8e.png,,IN,40,likely_state_or_province_level,PRODUCTION,ININEINVOICE,IN E INVOICE
IN,False,INDIA GST ANX-01,1900-01-01T00:00:00,9999-12-31T00:00:00,likely_official_or_near_official,INGSTANX01,1,0,https://s3-us-west-2.amazonaws.com/tax-form-catalog-prd-us-west-2-data/tax-form-catalog/png/1c08bdc9-9f89-4944-befb-7c4c6d780f6c.png,,IN,1,likely_state_or_province_level,PRODUCTION,ININGSTANX01,India GST ANX 01
IN,False,INDIA GST ANX-02,1900-01-01T00:00:00,9999-12-31T00:00:00,likely_official_or_near_official,INGSTANX02,1,0,https://s3-us-west-2.amazonaws.com/tax-form-catalog-prd-us-west-2-data/tax-form-catalog/png/d99998b4-ed31-4322-8fdc-71c9f202b96a.png,,IN,2,likely_state_or_province_level,PRODUCTION,ININGSTANX02,India GST ANX 02
IN,False,INDIA GSTR-1,2017-04-01T00:00:00,9999-12-31T00:00:00,descriptive_or_internal_label,INGSTR1,1,0,https://s3-us-west-2.amazonaws.com/tax-form-catalog-prd-us-west-2-data/tax-form-catalog/png/0fcd4294-77bd-4c0c-926e-47a9e8068ba6.png,,IN,2,likely_state_or_province_level,PRODUCTION,ININGSTR1,India GSTR-1
IN,False,INDIA GSTR-3B,2017-04-01T00:00:00,9999-12-31T00:00:00,likely_official_or_near_official,INGSTR3B,1,0,https://s3-us-west-2.amazonaws.com/tax-form-catalog-prd-us-west-2-data/tax-form-catalog/png/87056000-6fc6-418e-8ea0-17d70a581bb0.png,,IN,8,likely_state_or_province_level,PRODUCTION,ININGSTR3B,India GSTR 3B
IN,False,INDIA GST 8,2017-04-01T00:00:00,9999-12-31T00:00:00,likely_official_or_near_official,INGSTR8,1,0,https://s3-us-west-2.amazonaws.com/tax-form-catalog-prd-us-west-2-data/tax-form-catalog/png/a4afccc6-5388-4f5c-9753-0778a81bf7e0.png,,IN,1,likely_state_or_province_level,PRODUCTION,ININGSTR8,India GSTR 8
IN,False,INDIA GSTR-9,1900-01-01T00:00:00,9999-12-31T00:00:00,descriptive_or_internal_label,INGSTR9,1,0,https://s3-us-west-2.amazonaws.com/tax-form-catalog-prd-us-west-2-data/tax-form-catalog/png/1efb16de-df0d-4d89-bce6-2e1be220b9da.png,,IN,8,likely_state_or_province_level,PRODUCTION,ININGSTR9,India GSTR-9
US,False,Sales Tax Return,2022-11-01T00:00:00,9999-12-31T00:00:00,descriptive_state_level_label,AKADAK,1,0,https://s3-us-west-2.amazonaws.com/tax-form-catalog-prd-us-west-2-data/tax-form-catalog/png/83180279-fb96-47c2-b540-42cd28d08211.png,,AK,9,likely_state_or_province_level,PRODUCTION,USAKADAK,AK Adak
US,False,City of Alakanuk Tax Return,1990-01-01T00:00:00,9999-12-31T00:00:00,descriptive_state_level_label,AKALAKANUK,1,0,https://s3-us-west-2.amazonaws.com/tax-form-catalog-prd-us-west-2-data/tax-form-catalog/png/3cdd44c3-3879-43aa-9427-6c663ea575a9.png,,AK,0,likely_state_or_province_level,PRODUCTION,USAKALAKANUK,AK Alakanuk
US,False,Monthly Sales Tax Report,2018-10-01T00:00:00,9999-12-31T00:00:00,descriptive_state_level_label,AKALEKNAGIK,1,0,https://s3-us-west-2.amazonaws.com/tax-form-catalog-prd-us-west-2-data/tax-form-catalog/png/9cf4a675-f1f7-4fbb-bf16-68f476282f1d.png,,AK,4,likely_state_or_province_level,PRODUCTION,USAKALEKNAGIK,AK Aleknagik
US,False,Anderson Sales Tax Return,2014-09-01T00:00:00,9999-12-31T00:00:00,descriptive_state_level_label,AKANDERSON,1,0,https://s3-us-west-2.amazonaws.com/tax-form-catalog-prd-us-west-2-data/tax-form-catalog/png/ec3f5a2b-fddf-4762-9677-3d73fd63d687.png,,AK,7,likely_state_or_province_level,PRODUCTION,USAKANDERSON,AK Anderson
US,False,Sales Tax Report (Quarterly),2019-08-01T00:00:00,9999-12-31T00:00:00,descriptive_state_level_label,AKANGOON,1,0,https://s3-us-west-2.amazonaws.com/tax-form-catalog-prd-us-west-2-data/tax-form-catalog/png/97acbc36-cae9-4338-b276-e4cc379b6959.png,,AK,10,likely_state_or_province_level,PRODUCTION,USAKANGOON,AK Angoon
US,False,Aniak Sales Tax Return,2012-07-01T00:00:00,9999-12-31T00:00:00,descriptive_state_level_label,AKANIAK,1,0,https://s3-us-west-2.amazonaws.com/tax-form-catalog-prd-us-west-2-data/tax-form-catalog/png/647e1036-f124-4083-91ba-7bee97440448.png,,AK,4,likely_state_or_province_level,PRODUCTION,USAKANIAK,AK Aniak
US,False,Kwethluk Sales Tax Return,1900-01-01T00:00:00,9999-12-31T00:00:00,descriptive_state_level_label,AKBETHELKWETHLUK,1,0,https://s3-us-west-2.amazonaws.com/tax-form-catalog-prd-us-west-2-data/tax-form-catalog/png/8ca7bf8c-7948-4b58-aaf7-15f1b8221860.png,,AK,6,likely_state_or_province_level,PRODUCTION,USAKBETHELKWETHLUK,AK Bethel Kwethluk
US,False,Monthly Sales Tax Report,2020-01-01T00:00:00,9999-12-31T00:00:00,descriptive_state_level_label,AKBETHELMST,1,0,https://s3-us-west-2.amazonaws.com/tax-form-catalog-prd-us-west-2-data/tax-form-catalog/png/3927e079-ec36-4ac7-b91b-8e0066ea2919.png,,AK,16,likely_state_or_province_level,PRODUCTION,USAKBETHELMST,AK Bethel
US,False,Seller's Monthly Sales Tax Return,2018-01-01T00:00:00,9999-12-31T00:00:00,descriptive_state_level_label,AKBREVIG,1,0,https://s3-us-west-2.amazonaws.com/tax-form-catalog-prd-us-west-2-data/tax-form-catalog/png/b2ef6fa1-499c-446a-97e5-b8817ace4e31.png,,AK,2,likely_state_or_province_level,PRODUCTION,USAKBREVIG,AK Brevig Mission
US,False,City of Buckland Tax Return,2018-01-01T00:00:00,9999-12-31T00:00:00,descriptive_state_level_label,AKBUCKLAND,1,0,https://s3-us-west-2.amazonaws.com/tax-form-catalog-prd-us-west-2-data/tax-form-catalog/png/b4ce4f0b-f270-475f-8584-af3c522d7d97.png,,AK,5,likely_state_or_province_level,PRODUCTION,USAKBUCKLAND,AK Buckland
US,False,City of Chefornak Tax Return,1990-01-01T00:00:00,9999-12-31T00:00:00,descriptive_state_level_label,AKCHEFORNAK,1,0,https://s3-us-west-2.amazonaws.com/tax-form-catalog-prd-us-west-2-data/tax-form-catalog/png/f058339c-5dea-4c92-b0f4-3f479b247bd2.png,,AK,0,likely_state_or_province_level,PRODUCTION,USAKCHEFORNAK,AK Chefornak
US,False,Consumers' Tax on Sales and Services,2006-01-01T00:00:00,9999-12-31T00:00:00,descriptive_state_level_label,AKCHEVAK,1,0,https://s3-us-west-2.amazonaws.com/tax-form-catalog-prd-us-west-2-data/tax-form-catalog/png/27be5b48-6245-4561-a4af-e25081412e9d.png,,AK,5,likely_state_or_province_level,PRODUCTION,USAKCHEVAK,AK Chevak
US,False,Seasonal Sales Tax return,1900-01-01T00:00:00,9999-12-31T00:00:00,descriptive_state_level_label,AKCHIGNIK,1,0,https://s3-us-west-2.amazonaws.com/tax-form-catalog-prd-us-west-2-data/tax-form-catalog/png/a550d547-c663-40e8-88dc-85b46ee16111.png,,AK,5,likely_state_or_province_level,PRODUCTION,USAKCHIGNIK,AK Chignik
US,False,Sales Tax Return,2024-02-01T00:00:00,9999-12-31T00:00:00,descriptive_state_level_label,AKCORDOVA,1,0,https://s3-us-west-2.amazonaws.com/tax-form-catalog-prd-us-west-2-data/tax-form-catalog/png/010936e9-3d11-427c-9a7a-759e5a212ab6.png,,AK,15,likely_state_or_province_level,PRODUCTION,USAKCORDOVA,AK Cordova
US,False,Sales Tax Return,2025-04-01T00:00:00,9999-12-31T00:00:00,descriptive_state_level_label,AKCRAIG,1,0,https://s3-us-west-2.amazonaws.com/tax-form-catalog-prd-us-west-2-data/tax-form-catalog/png/0a8ed63d-7f9c-4ca4-8ef1-f9594bf21b65.png,,AK,11,likely_state_or_province_level,PRODUCTION,USAKCRAIG,AK Craig
US,False,Sellers Monthly Return,2018-02-01T00:00:00,9999-12-31T00:00:00,descriptive_state_level_label,AKDEERING,1,0,https://s3-us-west-2.amazonaws.com/tax-form-catalog-prd-us-west-2-data/tax-form-catalog/png/96e98445-515d-4091-a5dc-2eebce166571.png,,AK,7,likely_state_or_province_level,PRODUCTION,USAKDEERING,AK Deering
US,False,Sales Tax Report,2023-01-01T00:00:00,9999-12-31T00:00:00,descriptive_state_level_label,AKDILLINGHAM,1,0,https://s3-us-west-2.amazonaws.com/tax-form-catalog-prd-us-west-2-data/tax-form-catalog/png/f5416fa9-9a64-46f1-a288-0a909837764c.png,,AK,23,likely_state_or_province_level,PRODUCTION,USAKDILLINGHAM,AK Dillingham 6
US,False,City of Dillingham 10% Sales Tax Report,2023-01-01T00:00:00,9999-12-31T00:00:00,likely_official_or_near_official,AKDILLINGHAM10,1,0,https://s3-us-west-2.amazonaws.com/tax-form-catalog-prd-us-west-2-data/tax-form-catalog/png/adaf9edc-9583-4b52-a7cb-4cc104f9a428.png,,AK,8,likely_state_or_province_level,PRODUCTION,USAKDILLINGHAM10,AK Dillingham 10
US,False,Consumer Tax on Sales and Services (Quarterly),2016-12-01T00:00:00,9999-12-31T00:00:00,descriptive_state_level_label,AKEMMONAK,1,0,https://s3-us-west-2.amazonaws.com/tax-form-catalog-prd-us-west-2-data/tax-form-catalog/png/2b299465-451f-4152-bfdf-2fd87effb2b8.png,,AK,1,likely_state_or_province_level,PRODUCTION,USAKEMMONAK,AK Emmonak
US,False,Sales Tax Report,2016-12-01T00:00:00,9999-12-31T00:00:00,descriptive_state_level_label,AKFORTYUKON,1,0,https://s3-us-west-2.amazonaws.com/tax-form-catalog-prd-us-west-2-data/tax-form-catalog/png/3fa9d7da-ff21-452a-95a4-97e084ba1037.png,,AK,1,likely_state_or_province_level,PRODUCTION,USAKFORTYUKON,AK Fort Yukon
US,False,Sales and Use Tax Return,2017-08-01T00:00:00,9999-12-31T00:00:00,descriptive_state_level_label,AKGALENA,1,0,https://s3-us-west-2.amazonaws.com/tax-form-catalog-prd-us-west-2-data/tax-form-catalog/png/d9a11598-e83f-4265-9bb3-464ad9f7f658.png,,AK,7,likely_state_or_province_level,PRODUCTION,USAKGALENA,AK Galena
US,False,"Ak Galena 6% Alcohol, Tobacco and Transient Housing Return",2019-01-01T00:00:00,9999-12-31T00:00:00,descriptive_state_level_label,AKGALENACOMBINED,1,0,https://s3-us-west-2.amazonaws.com/tax-form-catalog-prd-us-west-2-data/tax-form-catalog/png/ca7b9afc-e9ac-45ba-9988-66a5aaca46f4.png,,AK,0,likely_state_or_province_level,PRODUCTION,USAKGALENACOMBINED,AK Galena Combined
US,False,Room Tax and Sales Tax Return,2024-11-01T00:00:00,9999-12-31T00:00:00,descriptive_state_level_label,AKGUSTAVUS,1,0,https://s3-us-west-2.amazonaws.com/tax-form-catalog-prd-us-west-2-data/tax-form-catalog/png/a99ddf25-ec4e-4cd2-99f9-faa1e3a2f6e5.png,,AK,11,likely_state_or_province_level,PRODUCTION,USAKGUSTAVUS,AK Gustavus
US,False,Monthly Sales Tax Return Form,2022-06-01T00:00:00,9999-12-31T00:00:00,descriptive_state_level_label,AKHOONAH,1,0,https://s3-us-west-2.amazonaws.com/tax-form-catalog-prd-us-west-2-data/tax-form-catalog/png/ab9afe68-f27c-4ccf-8cf2-355625111b6f.png,,AK,16,likely_state_or_province_level,PRODUCTION,USAKHOONAH,AK Hoonah
US,False,City of Hooper Bay Tax Return,1900-01-01T00:00:00,9999-12-31T00:00:00,descriptive_state_level_label,AKHOOPERBAY,1,0,https://s3-us-west-2.amazonaws.com/tax-form-catalog-prd-us-west-2-data/tax-form-catalog/png/c4c5a02e-e725-4c83-89df-c6b393834b17.png,,AK,3,likely_state_or_province_level,PRODUCTION,USAKHOOPERBAY,AK Hooper Bay
US,False,Sales Tax Return,2024-04-01T00:00:00,9999-12-31T00:00:00,descriptive_state_level_label,AKHOUSTON,1,0,https://s3-us-west-2.amazonaws.com/tax-form-catalog-prd-us-west-2-data/tax-form-catalog/png/9f2ec898-b705-4636-8ed0-e9674fbac37e.png,,AK,16,likely_state_or_province_level,PRODUCTION,USAKHOUSTON,AK Houston
US,False,Annual Sales Tax Return Form,2017-05-01T00:00:00,2021-05-31T00:00:00,descriptive_state_level_label,AKJUNEAUA,1,0,https://s3-us-west-2.amazonaws.com/tax-form-catalog-prd-us-west-2-data/tax-form-catalog/png/ec915e3c-6166-4084-bc6b-a238727cf5c5.png,,AK,4,likely_state_or_province_level,PRODUCTION,USAKJUNEAUA,AK JUNEAU Annual
US,False,"Combined Monthly Sales, Lodging and Alcohol Tax Return Form",2020-03-01T00:00:00,2021-05-31T00:00:00,descriptive_state_level_label,AKJUNEAUCOMBDM,1,0,https://s3-us-west-2.amazonaws.com/tax-form-catalog-prd-us-west-2-data/tax-form-catalog/png/8cd2e1fe-2990-4eed-8542-3c15b025fc3a.png,,AK,3,likely_state_or_province_level,PRODUCTION,USAKJUNEAUCOMBDM,AK JUNEAU Combined Monthly
US,False,"Combined Quarterly Sales, Lodging and Alcohol Tax Return Form",2020-01-01T00:00:00,2021-05-31T00:00:00,descriptive_state_level_label,AKJUNEAUCOMBDQ,1,0,https://s3-us-west-2.amazonaws.com/tax-form-catalog-prd-us-west-2-data/tax-form-catalog/png/58cd31cf-cd2a-4240-800e-c88ee2986782.png,,AK,6,likely_state_or_province_level,PRODUCTION,USAKJUNEAUCOMBDQ,AK JUNEAU Combined Quarterly
US,False,City and Borough of Juneau - Combined Sales Tax Return,2023-11-01T00:00:00,9999-12-31T00:00:00,descriptive_state_level_label,AKJUNEAUCOMBINED,1,0,https://s3-us-west-2.amazonaws.com/tax-form-catalog-prd-us-west-2-data/tax-form-catalog/png/ea21bdc8-67c8-4fdf-adb7-36d17901aab0.png,,AK,24,likely_state_or_province_level,PRODUCTION,USAKJUNEAUCOMBINED,AK Juneau Combined
US,False,Monthly Sales Tax Return Form,2017-05-01T00:00:00,2021-05-31T00:00:00,descriptive_state_level_label,AKJUNEAUM,1,0,https://s3-us-west-2.amazonaws.com/tax-form-catalog-prd-us-west-2-data/tax-form-catalog/png/05e9f165-4d73-484e-b7fe-ef95fabd0fa4.png,,AK,2,likely_state_or_province_level,PRODUCTION,USAKJUNEAUM,AK JUNEAU Monthly
US,False,Quarterly Sales Tax Return Form,2017-05-01T00:00:00,2025-12-31T00:00:00,descriptive_state_level_label,AKJUNEAUQ,1,0,https://s3-us-west-2.amazonaws.com/tax-form-catalog-prd-us-west-2-data/tax-form-catalog/png/6bb0ba9a-b248-45d2-8529-e7c5e1d39f90.png,,AK,4,likely_state_or_province_level,PRODUCTION,USAKJUNEAUQ,AK JUNEAU Quarterly
US,False,City of Kake Tax Return,1900-01-01T00:00:00,9999-12-31T00:00:00,descriptive_state_level_label,AKKAKE,1,0,https://s3-us-west-2.amazonaws.com/tax-form-catalog-prd-us-west-2-data/tax-form-catalog/png/f8d22caa-6700-4ea6-9a05-76d4250524b2.png,,AK,6,likely_state_or_province_level,PRODUCTION,USAKKAKE,AK Kake
US,False,"Combined City and Borough Sales Tax Report (Quarterly, Annually)",2024-04-01T00:00:00,9999-12-31T00:00:00,descriptive_state_level_label,AKKETCHIKAN,1,0,https://s3-us-west-2.amazonaws.com/tax-form-catalog-prd-us-west-2-data/tax-form-catalog/png/52e271fc-d3ce-4539-bb08-e90e5dcb9eab.png,,AK,35,likely_state_or_province_level,PRODUCTION,USAKKETCHIKAN,AK Ketchikan
US,False,King Cove Quarterly Sales Tax Return,2001-06-01T00:00:00,9999-12-31T00:00:00,descriptive_state_level_label,AKKINGCOVEQ,1,0,https://s3-us-west-2.amazonaws.com/tax-form-catalog-prd-us-west-2-data/tax-form-catalog/png/f09c5d1e-0625-4c1d-abf5-09db5c6724f3.png,,AK,6,likely_state_or_province_level,PRODUCTION,USAKKINGCOVEQ,AK King Cove Quarterly
US,False,Sales Tax on Sales and Services,2017-04-01T00:00:00,9999-12-31T00:00:00,descriptive_state_level_label,AKKIVALINA,1,0,https://s3-us-west-2.amazonaws.com/tax-form-catalog-prd-us-west-2-data/tax-form-catalog/png/4ef4a820-bb10-4092-a616-3bb3815f95fe.png,,AK,4,likely_state_or_province_level,PRODUCTION,USAKKIVALINA,AK Kivalina
US,False,Sales Tax Return / Transient Occupancy Tax (Quarterly),1900-01-01T00:00:00,9999-12-31T00:00:00,descriptive_state_level_label,AKKLAWOCK,1,0,https://s3-us-west-2.amazonaws.com/tax-form-catalog-prd-us-west-2-data/tax-form-catalog/png/9e010bf8-ca5a-4723-b629-e49d70b5bb57.png,,AK,9,likely_state_or_province_level,PRODUCTION,USAKKLAWOCK,AK Klawock
US,False,"Report of Consumers' Tax on Sales, Services and Rentals (Monthly)",2021-05-01T00:00:00,9999-12-31T00:00:00,descriptive_state_level_label,AKKODIAK,1,0,https://s3-us-west-2.amazonaws.com/tax-form-catalog-prd-us-west-2-data/tax-form-catalog/png/85476f82-3d38-4ba5-8e22-30cbcc22d915.png,,AK,10,likely_state_or_province_level,PRODUCTION,USAKKODIAK,AK Kodiak
US,False,City of Kotzebue Seller's Monthly Return,2019-01-01T00:00:00,9999-12-31T00:00:00,descriptive_state_level_label,AKKOTZEBUE,1,0,https://s3-us-west-2.amazonaws.com/tax-form-catalog-prd-us-west-2-data/tax-form-catalog/png/6ed96bf9-84e1-448d-943a-c2b8a732f851.png,,AK,21,likely_state_or_province_level,PRODUCTION,USAKKOTZEBUE,AK Kotzebue
US,False,City of Koyuk Tax Return,1900-01-01T00:00:00,9999-12-31T00:00:00,descriptive_state_level_label,AKKOYUK,1,0,https://s3-us-west-2.amazonaws.com/tax-form-catalog-prd-us-west-2-data/tax-form-catalog/png/a8a5443f-9370-4afa-bdc0-302f4f6d4a4d.png,,AK,1,likely_state_or_province_level,PRODUCTION,USAKKOYUK,AK Koyuk
US,False,City of Manokotak Tax Return,2018-01-01T00:00:00,9999-12-31T00:00:00,descriptive_state_level_label,AKMANOKOTAK,1,0,https://s3-us-west-2.amazonaws.com/tax-form-catalog-prd-us-west-2-data/tax-form-catalog/png/121c86d8-b349-4924-baf6-13602372de4d.png,,AK,1,likely_state_or_province_level,PRODUCTION,USAKMANOKOTAK,AK Manokotak
US,False,Monthly Sales Tax Report,2008-09-01T00:00:00,9999-12-31T00:00:00,descriptive_state_level_label,AKMARSHALL,1,0,https://s3-us-west-2.amazonaws.com/tax-form-catalog-prd-us-west-2-data/tax-form-catalog/png/a239e783-a16b-43ce-9442-35aa4aed782a.png,,AK,3,likely_state_or_province_level,PRODUCTION,USAKMARSHALL,AK Marshall
US,False,City of Napakiak Sales Tax Return,1900-01-01T00:00:00,9999-12-31T00:00:00,descriptive_state_level_label,AKNAPAKIAK,1,0,https://s3-us-west-2.amazonaws.com/tax-form-catalog-prd-us-west-2-data/tax-form-catalog/png/a16df791-f576-4256-bdd3-19e7d8c05819.png,,AK,0,likely_state_or_province_level,PRODUCTION,USAKNAPAKIAK,AK Napakiak
US,False,City of Nenana Tax Return,2021-08-01T00:00:00,9999-12-31T00:00:00,descriptive_state_level_label,AKNENANA,1,0,https://s3-us-west-2.amazonaws.com/tax-form-catalog-prd-us-west-2-data/tax-form-catalog/png/b268d83b-1079-4dab-b225-4499cd8a9653.png,,AK,7,likely_state_or_province_level,PRODUCTION,USAKNENANA,AK Nenana
US,False,Seller's Monthly Return,2026-01-01T00:00:00,9999-12-31T00:00:00,descriptive_state_level_label,AKNOME,1,0,https://s3-us-west-2.amazonaws.com/tax-form-catalog-prd-us-west-2-data/tax-form-catalog/png/b2677cc9-1e4c-427d-971a-d0f372ac0c84.png,,AK,28,likely_state_or_province_level,PRODUCTION,USAKNOME,AK Nome
US,False,Gambell Sales Tax Return,2018-01-01T00:00:00,9999-12-31T00:00:00,descriptive_state_level_label,AKNOMEGAMBELL,1,0,https://s3-us-west-2.amazonaws.com/tax-form-catalog-prd-us-west-2-data/tax-form-catalog/png/a79cbe28-59ad-4b77-997c-5b28f65faaa8.png,,AK,3,likely_state_or_province_level,PRODUCTION,USAKNOMEGAMBELL,AK Gambell Sales Tax Return
US,False,City of North Pole Sales Tax Return,2023-02-01T00:00:00,9999-12-31T00:00:00,descriptive_state_level_label,AKNORTHPOLEA,1,0,https://s3-us-west-2.amazonaws.com/tax-form-catalog-prd-us-west-2-data/tax-form-catalog/png/37eaa297-9c25-4790-8dc5-7c28fb7813cf.png,,AK,2,likely_state_or_province_level,PRODUCTION,USAKNORTHPOLEA,AK North Pole Annually
US,False,City of North Pole Alcohol Tax Remittance form,2023-05-01T00:00:00,9999-12-31T00:00:00,descriptive_state_level_label,AKNORTHPOLEALCOHOL,1,0,https://s3-us-west-2.amazonaws.com/tax-form-catalog-prd-us-west-2-data/tax-form-catalog/png/5c45f3b3-7cd2-46f8-8d01-6ffd37e5fe9d.png,,AK,3,likely_state_or_province_level,PRODUCTION,USAKNORTHPOLEALCOHOL,AK North Pole Alcohol Tax Return
US,False,City of North Pole Sales Tax Return,2023-09-01T00:00:00,9999-12-31T00:00:00,descriptive_state_level_label,AKNORTHPOLEM,1,0,https://s3-us-west-2.amazonaws.com/tax-form-catalog-prd-us-west-2-data/tax-form-catalog/png/5bbd8c68-f824-450d-91d7-72693e4cd4af.png,,AK,15,likely_state_or_province_level,PRODUCTION,USAKNORTHPOLEM,AK North Pole Monthly
US,False,City of North Pole Sales Tax Return,2023-03-01T00:00:00,9999-12-31T00:00:00,descriptive_state_level_label,AKNORTHPOLEQ,1,0,https://s3-us-west-2.amazonaws.com/tax-form-catalog-prd-us-west-2-data/tax-form-catalog/png/c9cf5720-3403-4d48-89b0-09f278028421.png,,AK,9,likely_state_or_province_level,PRODUCTION,USAKNORTHPOLEQ,AK North Pole Quarterly
US,False,Sales Tax Return,2018-02-01T00:00:00,9999-12-31T00:00:00,descriptive_state_level_label,AKNUNAPITCHUK,1,0,https://s3-us-west-2.amazonaws.com/tax-form-catalog-prd-us-west-2-data/tax-form-catalog/png/c4866917-957c-4bf6-af22-9be326ca1352.png,,AK,3,likely_state_or_province_level,PRODUCTION,USAKNUNAPITCHUK,AK Nunapitchuk
US,False,City of Old Harbor Tax Return,1990-01-01T00:00:00,9999-12-31T00:00:00,descriptive_state_level_label,AKOLDHARBOR,1,0,https://s3-us-west-2.amazonaws.com/tax-form-catalog-prd-us-west-2-data/tax-form-catalog/png/5d222434-2b13-4f9d-b7c5-13c8e7579303.png,,AK,0,likely_state_or_province_level,PRODUCTION,USAKOLDHARBOR,AK Old Harbor
US,False,Sales Tax Report (Quarterly),2022-07-01T00:00:00,9999-12-31T00:00:00,descriptive_state_level_label,AKOUZINKIE,1,0,https://s3-us-west-2.amazonaws.com/tax-form-catalog-prd-us-west-2-data/tax-form-catalog/png/585156dd-e6d3-499b-8fcb-a5ca04e816c7.png,,AK,5,likely_state_or_province_level,PRODUCTION,USAKOUZINKIE,AK Ouzinkie
US,False,Monthly Sales Tax,2024-12-01T00:00:00,9999-12-31T00:00:00,descriptive_state_level_label,AKPALMER,1,0,https://s3-us-west-2.amazonaws.com/tax-form-catalog-prd-us-west-2-data/tax-form-catalog/png/871d3855-c6e8-4fd8-b812-4c60585d3507.png,,AK,16,likely_state_or_province_level,PRODUCTION,USAKPALMER,AK Palmer
US,False,City of Pilot Station Tax Return,1900-01-01T00:00:00,9999-12-31T00:00:00,descriptive_state_level_label,AKPILOTSTATION,1,0,https://s3-us-west-2.amazonaws.com/tax-form-catalog-prd-us-west-2-data/tax-form-catalog/png/95f9b4bc-5cdc-4a43-a163-1f52c875c899.png,,AK,2,likely_state_or_province_level,PRODUCTION,USAKPILOTSTATION,AK Pilot Station
US,False,City of Point Hope Tax Return,1900-01-01T00:00:00,9999-12-31T00:00:00,descriptive_state_level_label,AKPOINTHOPE,1,0,https://s3-us-west-2.amazonaws.com/tax-form-catalog-prd-us-west-2-data/tax-form-catalog/png/1e7733a6-795d-4296-ab9c-b17d8e7c781c.png,,AK,7,likely_state_or_province_level,PRODUCTION,USAKPOINTHOPE,AK Point Hope
US,False,Quarterly City Sales Tax Report,1900-01-01T00:00:00,9999-12-31T00:00:00,descriptive_state_level_label,AKPORTALEXANDER,1,0,https://s3-us-west-2.amazonaws.com/tax-form-catalog-prd-us-west-2-data/tax-form-catalog/png/8c6944f1-7a06-4726-9286-5821c88cb059.png,,AK,1,likely_state_or_province_level,PRODUCTION,USAKPORTALEXANDER,AK Port Alexander
US,False,Consumers Tax on Sales and Services,2012-07-01T00:00:00,9999-12-31T00:00:00,descriptive_state_level_label,AKQUINHAGAK,1,0,https://s3-us-west-2.amazonaws.com/tax-form-catalog-prd-us-west-2-data/tax-form-catalog/png/e15b1124-4f2c-42cd-8053-06bea61b3f1d.png,,AK,3,likely_state_or_province_level,PRODUCTION,USAKQUINHAGAK,AK Quinhagak
US,False,Schedule for Remote Sellers,2026-01-01T00:00:00,9999-12-31T00:00:00,descriptive_or_internal_label,AKRSR,1,0,https://s3-us-west-2.amazonaws.com/tax-form-catalog-prd-us-west-2-data/tax-form-catalog/png/b9aedeff-ca27-41f1-93b4-934588547665.png,,AK,122,likely_state_or_province_level,PRODUCTION,USAKRSR,AK Remote Sellers Return
US,False,City of Sand Point Sales Tax Report,2015-04-01T00:00:00,9999-12-31T00:00:00,descriptive_state_level_label,AKSANDPOINT,1,0,https://s3-us-west-2.amazonaws.com/tax-form-catalog-prd-us-west-2-data/tax-form-catalog/png/29bc25b4-8c92-4aac-ba05-89aa1556bc80.png,,AK,12,likely_state_or_province_level,PRODUCTION,USAKSANDPOINT,AK Sand Point
US,False,City of Savoonga Sales Tax Return,2018-01-01T00:00:00,9999-12-31T00:00:00,descriptive_state_level_label,AKSAVOONGA,1,0,https://s3-us-west-2.amazonaws.com/tax-form-catalog-prd-us-west-2-data/tax-form-catalog/png/3ee0006b-35f4-4ac5-aff8-ecfd748df2e1.png,,AK,3,likely_state_or_province_level,PRODUCTION,USAKSAVOONGA,AK Savoonga
US,False,Selawaik Sales Tax Return,2022-03-01T00:00:00,9999-12-31T00:00:00,descriptive_state_level_label,AKSELAWIK,1,0,https://s3-us-west-2.amazonaws.com/tax-form-catalog-prd-us-west-2-data/tax-form-catalog/png/356fa5c3-772e-4856-8a9f-50d36a19d013.png,,AK,10,likely_state_or_province_level,PRODUCTION,USAKSELAWIK,AK Selawik
US,False,City of Shishmaref Tax Return,2017-01-01T00:00:00,9999-12-31T00:00:00,descriptive_state_level_label,AKSHISHMAREF,1,0,https://s3-us-west-2.amazonaws.com/tax-form-catalog-prd-us-west-2-data/tax-form-catalog/png/8416d246-f883-4d5f-9734-3b3f4f297050.png,,AK,4,likely_state_or_province_level,PRODUCTION,USAKSHISHMAREF,AK Shishmaref
US,False,Sales Tax Return,2024-03-01T00:00:00,9999-12-31T00:00:00,descriptive_state_level_label,AKSKAGWAY,1,0,https://s3-us-west-2.amazonaws.com/tax-form-catalog-prd-us-west-2-data/tax-form-catalog/png/c1ececd4-dc52-446d-a9f4-46097d922f6c.png,,AK,10,likely_state_or_province_level,PRODUCTION,USAKSKAGWAY,AK Skagway
US,False,City of St. Michael Tax Return,1990-01-01T00:00:00,9999-12-31T00:00:00,descriptive_state_level_label,AKSTMICHAEL,1,0,https://s3-us-west-2.amazonaws.com/tax-form-catalog-prd-us-west-2-data/tax-form-catalog/png/be8abc93-3b5c-4590-97dc-c74b6f4fafc3.png,,AK,0,likely_state_or_province_level,PRODUCTION,USAKSTMICHAEL,AK St. Michael
US,False,Saint Paul Monthly Sales Tax Return,2022-01-01T00:00:00,9999-12-31T00:00:00,descriptive_state_level_label,AKSTPAUL,1,0,https://s3-us-west-2.amazonaws.com/tax-form-catalog-prd-us-west-2-data/tax-form-catalog/png/b51e3f61-0955-4d02-aa1e-15755d337c34.png,,AK,12,likely_state_or_province_level,PRODUCTION,USAKSTPAUL,AK Saint Paul
US,False,Teller Sales Tax Report,2012-07-01T00:00:00,9999-12-31T00:00:00,descriptive_state_level_label,AKTELLER,1,0,https://s3-us-west-2.amazonaws.com/tax-form-catalog-prd-us-west-2-data/tax-form-catalog/png/0b197658-1006-40fe-881b-9f7e691c8895.png,,AK,3,likely_state_or_province_level,PRODUCTION,USAKTELLER,AK Teller
US,False,Sales Tax and Transient Occupancy Return Form,2022-01-01T00:00:00,9999-12-31T00:00:00,descriptive_state_level_label,AKTHORNEBAY,1,0,https://s3-us-west-2.amazonaws.com/tax-form-catalog-prd-us-west-2-data/tax-form-catalog/png/8cd01fa6-016f-4836-ac9d-60153ec672c7.png,,AK,14,likely_state_or_province_level,PRODUCTION,USAKTHORNEBAY,AK Thorne Bay
US,False,Sales Tax and Transient Occupancy Tax Return Form,1900-01-01T00:00:00,2021-12-31T00:00:00,descriptive_state_level_label,AKTHORNEBAYLODGE,1,0,https://s3-us-west-2.amazonaws.com/tax-form-catalog-prd-us-west-2-data/tax-form-catalog/png/a7291aea-f806-46a2-bad5-b8909e99e5f0.png,,AK,3,likely_state_or_province_level,PRODUCTION,USAKTHORNEBAYLODGE,AK Thorne Bay Lodging
US,False,Togiak City Sales and Use Tax Return,1900-01-01T00:00:00,9999-12-31T00:00:00,descriptive_state_level_label,AKTOGIAK,1,0,https://s3-us-west-2.amazonaws.com/tax-form-catalog-prd-us-west-2-data/tax-form-catalog/png/83e860c3-8ccf-4568-bfda-168c6cf0eeca.png,,AK,3,likely_state_or_province_level,PRODUCTION,USAKTOGIAK,AK Togiak
US,False,Monthly Sales Tax Return,2010-10-01T00:00:00,9999-12-31T00:00:00,descriptive_state_level_label,AKUNALAKLEET,1,0,https://s3-us-west-2.amazonaws.com/tax-form-catalog-prd-us-west-2-data/tax-form-catalog/png/6f5086e0-2720-46ad-9443-d74d97d1164c.png,,AK,10,likely_state_or_province_level,PRODUCTION,USAKUNALAKLEET,AK Unalakleet
US,False,City Of Unalaska Tax Return,2017-01-01T00:00:00,2022-09-30T00:00:00,descriptive_state_level_label,AKUNALASKAM,1,0,https://s3-us-west-2.amazonaws.com/tax-form-catalog-prd-us-west-2-data/tax-form-catalog/png/d235d9b2-80a6-4924-88b1-02b6c87fe48e.png,,AK,0,likely_state_or_province_level,PRODUCTION,USAKUNALASKAM,AK Unalaska Monthly
US,False,City of Unalaska Sales Tax Report,2023-07-01T00:00:00,9999-12-31T00:00:00,descriptive_state_level_label,AKUNALASKAQ,1,0,https://s3-us-west-2.amazonaws.com/tax-form-catalog-prd-us-west-2-data/tax-form-catalog/png/bb5fbaa6-3bcf-4c23-9b47-31d2bb9093b2.png,,AK,32,likely_state_or_province_level,PRODUCTION,USAKUNALASKAQ,AK Unalaska Quarterly
US,False,Sales Tax Return,2022-02-01T00:00:00,9999-12-31T00:00:00,descriptive_state_level_label,AKWASILLA,1,0,https://s3-us-west-2.amazonaws.com/tax-form-catalog-prd-us-west-2-data/tax-form-catalog/png/92d9871d-b442-4e04-919c-e8bf6f91b1c7.png,,AK,26,likely_state_or_province_level,PRODUCTION,USAKWASILLA,AK Wasilla
US,False,"Whittier, AK Sales Tax Reporting Form",2025-04-01T00:00:00,9999-12-31T00:00:00,descriptive_state_level_label,AKWHITTIER,1,0,https://s3-us-west-2.amazonaws.com/tax-form-catalog-prd-us-west-2-data/tax-form-catalog/png/481292c4-6951-465e-ac88-d286e1474296.png,,AK,28,likely_state_or_province_level,PRODUCTION,USAKWHITTIER,AK WHITTIER
US,False,Tax On Gross Sales and Rentals (Quarterly),2022-07-01T00:00:00,9999-12-31T00:00:00,descriptive_state_level_label,AKWRANGELL,1,0,https://s3-us-west-2.amazonaws.com/tax-form-catalog-prd-us-west-2-data/tax-form-catalog/png/384d8e8f-a28f-4cd3-bdef-c7ff6501f096.png,,AK,13,likely_state_or_province_level,PRODUCTION,USAKWRANGELL,AK Wrangell
US,False,Yakutat Sales Tax Return,2021-04-01T00:00:00,9999-12-31T00:00:00,descriptive_state_level_label,AKYAKUTAT,1,0,https://s3-us-west-2.amazonaws.com/tax-form-catalog-prd-us-west-2-data/tax-form-catalog/png/968a1c90-07ec-4267-ba3b-f30d502e9ba0.png,,AK,2,likely_state_or_province_level,PRODUCTION,USAKYAKUTAT,AK Yakutat
US,False,Sales Tax Return,2025-09-01T00:00:00,9999-12-31T00:00:00,likely_official_or_near_official,AL2100,1,0,https://s3-us-west-2.amazonaws.com/tax-form-catalog-prd-us-west-2-data/tax-form-catalog/png/8580c2fa-f2b6-4fcf-a8cb-471be757a8aa.png,,AL,26,likely_state_or_province_level,PRODUCTION,USAL2100,AL 2100
US,False,Sales Tax Return With Estimated Payment,2025-09-01T00:00:00,9999-12-31T00:00:00,likely_official_or_near_official,AL2105,1,0,https://s3-us-west-2.amazonaws.com/tax-form-catalog-prd-us-west-2-data/tax-form-catalog/png/642b3b2a-aede-4a07-a1d7-e4f3a3058d0d.png,,AL,16,likely_state_or_province_level,PRODUCTION,USAL2105,AL 2105
US,False,Rental Tax Return,2010-05-01T00:00:00,9999-12-31T00:00:00,likely_official_or_near_official,AL2410,1,0,https://s3-us-west-2.amazonaws.com/tax-form-catalog-prd-us-west-2-data/tax-form-catalog/png/80c2d350-58d7-44db-a0a5-5a8fbe7eb7bd.png,,AL,9,likely_state_or_province_level,PRODUCTION,USAL2410,AL 2410
US,False,Sellers Use Tax Return,2025-09-01T00:00:00,9999-12-31T00:00:00,likely_official_or_near_official,AL2620,1,0,https://s3-us-west-2.amazonaws.com/tax-form-catalog-prd-us-west-2-data/tax-form-catalog/png/ee491ef3-9743-493e-808a-51fc73aa51e9.png,,AL,24,likely_state_or_province_level,PRODUCTION,USAL2620,AL 2620
US,False,Alabama State Simplified Sellers Use Tax Return,2021-10-01T00:00:00,9999-12-31T00:00:00,likely_official_or_near_official,AL2630,1,0,https://s3-us-west-2.amazonaws.com/tax-form-catalog-prd-us-west-2-data/tax-form-catalog/png/ef5123a9-09f0-4727-8e2a-be53ddb19b92.png,,AL,34,likely_state_or_province_level,PRODUCTION,USAL2630,AL 2630
US,False,State-Administered Local Tax Return (Must add non-state administered local tax forms separately),2024-12-01T00:00:00,9999-12-31T00:00:00,likely_official_or_near_official,AL9501,1,0,https://s3-us-west-2.amazonaws.com/tax-form-catalog-prd-us-west-2-data/tax-form-catalog/png/588aaa74-5e00-4766-9968-78a9a894703e.png,,AL,106,likely_state_or_province_level,PRODUCTION,USAL9501,AL 9501
US,False,Rental Tax,2014-11-01T00:00:00,9999-12-31T00:00:00,descriptive_state_level_label,ALABBEVILLERENTAL,1,0,https://s3-us-west-2.amazonaws.com/tax-form-catalog-prd-us-west-2-data/tax-form-catalog/png/a224649e-5f62-45c8-8459-fadf46b9784b.png,,AL,16,likely_state_or_province_level,PRODUCTION,USALABBEVILLERENTAL,AL Abbeville Rental
US,False,Alabaster (City) Local Tax Return,2023-05-01T00:00:00,9999-12-31T00:00:00,descriptive_state_level_label,ALALABASTER,1,0,https://s3-us-west-2.amazonaws.com/tax-form-catalog-prd-us-west-2-data/tax-form-catalog/png/d04195a6-f68e-4e84-a001-7dcb049b7fbc.png,,AL,44,likely_state_or_province_level,PRODUCTION,USALALABASTER,AL Alabaster
US,False,Avenu Universal Return (Avenu-administered local tax),2019-01-01T00:00:00,9999-12-31T00:00:00,descriptive_state_level_label,ALALATAXUNIVERSAL,1,0,https://s3-us-west-2.amazonaws.com/tax-form-catalog-prd-us-west-2-data/tax-form-catalog/png/8b00090a-3bfc-405f-8512-f9b015cdf2cc.png,,AL,107,likely_state_or_province_level,PRODUCTION,USALALATAXUNIVERSAL,AL RDS Universal
US,False,"Anniston (City) Local Sales, Use, Rental, & Lodging Tax Report",2021-08-01T00:00:00,2024-06-30T00:00:00,descriptive_state_level_label,ALANNISTON,1,0,https://s3-us-west-2.amazonaws.com/tax-form-catalog-prd-us-west-2-data/tax-form-catalog/png/66873453-8586-4dfd-bd24-8b16c6b3f67f.png,,AL,56,likely_state_or_province_level,PRODUCTION,USALANNISTON,AL Anniston
US,False,Auburn (City) Local Tax Report,2019-01-01T00:00:00,9999-12-31T00:00:00,descriptive_state_level_label,ALAUBURN,1,0,https://s3-us-west-2.amazonaws.com/tax-form-catalog-prd-us-west-2-data/tax-form-catalog/png/3d87d0b6-7959-4290-8c7d-bd927b640098.png,,AL,50,likely_state_or_province_level,PRODUCTION,USALAUBURN,AL Auburn
US,False,Banks (City) Local Sales Tax Form,2019-01-01T00:00:00,9999-12-31T00:00:00,descriptive_state_level_label,ALBANKS,1,0,https://s3-us-west-2.amazonaws.com/tax-form-catalog-prd-us-west-2-data/tax-form-catalog/png/c44156a1-4592-423d-8f32-bb1dbebc9018.png,,AL,28,likely_state_or_province_level,PRODUCTION,USALBANKS,AL Banks
US,False,Bay Minette (City) Local Tax Return,2021-01-01T00:00:00,9999-12-31T00:00:00,descriptive_state_level_label,ALBAYMINETTE,1,0,https://s3-us-west-2.amazonaws.com/tax-form-catalog-prd-us-west-2-data/tax-form-catalog/png/087f235e-2d78-40b4-98f2-6ac49805a284.png,,AL,28,likely_state_or_province_level,PRODUCTION,USALBAYMINETTE,AL Bay Minette
US,False,Bessemer (City) Local Rental Lease Tax Form,2017-07-01T00:00:00,9999-12-31T00:00:00,descriptive_state_level_label,ALBESSEMERRENTAL,1,0,https://s3-us-west-2.amazonaws.com/tax-form-catalog-prd-us-west-2-data/tax-form-catalog/png/26d1e389-008a-475a-9cc5-3f61f6cf4063.png,,AL,22,likely_state_or_province_level,PRODUCTION,USALBESSEMERRENTAL,AL Bessemer Rental
US,False,Sales Tax Return (Monthly),2024-09-01T00:00:00,9999-12-31T00:00:00,descriptive_state_level_label,ALBIRMINGHAM,1,0,https://s3-us-west-2.amazonaws.com/tax-form-catalog-prd-us-west-2-data/tax-form-catalog/png/d115de57-5b23-491b-8f3f-c53057656424.png,,AL,22,likely_state_or_province_level,PRODUCTION,USALBIRMINGHAM,AL Birmingham Sales
US,False,Consumer Use Tax Return,2024-09-01T00:00:00,9999-12-31T00:00:00,descriptive_state_level_label,ALBIRMINGHAMCU,1,0,https://s3-us-west-2.amazonaws.com/tax-form-catalog-prd-us-west-2-data/tax-form-catalog/png/1c494fca-ab13-49e4-a559-6977fbc72d36.png,,AL,29,likely_state_or_province_level,PRODUCTION,USALBIRMINGHAMCU,AL Birmingham Consumer Use
US,False,Lease Tax Return,2019-06-01T00:00:00,9999-12-31T00:00:00,descriptive_state_level_label,ALBIRMINGHAMLEASE,1,0,https://s3-us-west-2.amazonaws.com/tax-form-catalog-prd-us-west-2-data/tax-form-catalog/png/86912584-6846-4299-bd17-59b9796e65d1.png,,AL,13,likely_state_or_province_level,PRODUCTION,USALBIRMINGHAMLEASE,AL Birmingham Lease
US,False,Sellers Use Tax Return,2024-09-01T00:00:00,9999-12-31T00:00:00,descriptive_state_level_label,ALBIRMINGHAMUSE,1,0,https://s3-us-west-2.amazonaws.com/tax-form-catalog-prd-us-west-2-data/tax-form-catalog/png/0d5c98ed-7725-4280-a142-3084490a5b35.png,,AL,24,likely_state_or_province_level,PRODUCTION,USALBIRMINGHAMUSE,AL Birmingham Use
US,False,Town of Bon Air Local Tax Return,1900-01-01T00:00:00,9999-12-31T00:00:00,descriptive_state_level_label,ALBONAIR,1,0,https://s3-us-west-2.amazonaws.com/tax-form-catalog-prd-us-west-2-data/tax-form-catalog/png/5203db92-e51d-41cd-aba5-da8779b241f2.png,,AL,6,likely_state_or_province_level,PRODUCTION,USALBONAIR,AL Bon Air
US,False,Calera (City) Local Tax Return,2022-09-01T00:00:00,9999-12-31T00:00:00,descriptive_state_level_label,ALCALERA,1,0,https://s3-us-west-2.amazonaws.com/tax-form-catalog-prd-us-west-2-data/tax-form-catalog/png/1e2c9862-1f9d-4e9d-8648-1756f3567cd0.png,,AL,20,likely_state_or_province_level,PRODUCTION,USALCALERA,AL Calera
US,False,Tanger Outlet Center Project User Fees,2010-07-01T00:00:00,9999-12-31T00:00:00,descriptive_or_internal_label,ALFOLEYPFCDTANGER,1,0,https://s3-us-west-2.amazonaws.com/tax-form-catalog-prd-us-west-2-data/tax-form-catalog/png/d9ae4764-21e4-4b60-af63-d5e5bb5065bf.png,,AL,1,likely_state_or_province_level,PRODUCTION,USALCITYOFFOLEY,AL Foley PF CD Tanger
US,False,AL Sheffield Lease/Rental Tax Sales Report,2019-01-01T00:00:00,9999-12-31T00:00:00,descriptive_state_level_label,ALCOLBERTSHEFFIELDSALES,1,0,https://s3-us-west-2.amazonaws.com/tax-form-catalog-prd-us-west-2-data/tax-form-catalog/png/d7028f64-6766-43bd-ae48-f8b53bf40fa8.png,,AL,13,likely_state_or_province_level,PRODUCTION,USALCOLBERTSHEFFIELDSALES,AL Sheffield Lease Rental Sales Tax Report
US,False,Cullman (County & City) Local Sales & Sellers Use Tax Return,2022-03-01T00:00:00,9999-12-31T00:00:00,descriptive_state_level_label,ALCULLMAN,1,0,https://s3-us-west-2.amazonaws.com/tax-form-catalog-prd-us-west-2-data/tax-form-catalog/png/c261a95d-7d13-4e08-9215-ad811883b9f6.png,,AL,66,likely_state_or_province_level,PRODUCTION,USALCULLMAN,AL Cullman
US,False,Cullman County & City Local Consumer's Use Tax Return,2019-05-01T00:00:00,9999-12-31T00:00:00,descriptive_state_level_label,ALCULLMANCU,1,0,https://s3-us-west-2.amazonaws.com/tax-form-catalog-prd-us-west-2-data/tax-form-catalog/png/8fd9d448-58e4-4b7b-aee2-573b265afed3.png,,AL,35,likely_state_or_province_level,PRODUCTION,USALCULLMANCU,AL Cullman Consumer's Use
US,False,Rental Tax Return,2018-12-01T00:00:00,9999-12-31T00:00:00,descriptive_state_level_label,ALCULLMANRENTAL,1,0,https://s3-us-west-2.amazonaws.com/tax-form-catalog-prd-us-west-2-data/tax-form-catalog/png/cc7eaa07-cbab-4ece-9323-0d3138d6199f.png,,AL,22,likely_state_or_province_level,PRODUCTION,USALCULLMANRENTAL,AL Cullman Rental
US,False,Daphne (City) Local Tax Report,2023-05-01T00:00:00,9999-12-31T00:00:00,descriptive_state_level_label,ALDAPHNE,1,0,https://s3-us-west-2.amazonaws.com/tax-form-catalog-prd-us-west-2-data/tax-form-catalog/png/f00ae25f-6ea2-432a-86f1-29ade752d4a9.png,,AL,9,likely_state_or_province_level,PRODUCTION,USALDAPHNE,AL Daphne
US,False,Daphne (City) Local Consumer's Use Tax Report,2019-01-01T00:00:00,2022-09-30T00:00:00,descriptive_state_level_label,ALDAPHNECU,1,0,https://s3-us-west-2.amazonaws.com/tax-form-catalog-prd-us-west-2-data/tax-form-catalog/png/ee53c2ac-698e-421f-82cc-b0bd851eccff.png,,AL,19,likely_state_or_province_level,PRODUCTION,USALDAPHNECU,AL Daphne Consumer Use
US,False,Daphne (City) Local Rental/Lease Tax Report,2020-05-01T00:00:00,2022-09-30T00:00:00,descriptive_state_level_label,ALDAPHNERENTAL,1,0,https://s3-us-west-2.amazonaws.com/tax-form-catalog-prd-us-west-2-data/tax-form-catalog/png/3a06c8a1-d846-43a4-8de9-857a0eb8c48f.png,,AL,13,likely_state_or_province_level,PRODUCTION,USALDAPHNERENTAL,AL Daphne Rental
US,False,Daphne (City) Local Sales Tax Report,2019-01-01T00:00:00,2022-09-30T00:00:00,descriptive_state_level_label,ALDAPHNESALES,1,0,https://s3-us-west-2.amazonaws.com/tax-form-catalog-prd-us-west-2-data/tax-form-catalog/png/560f324c-097c-46d8-bee5-34dc1e6fe870.png,,AL,24,likely_state_or_province_level,PRODUCTION,USALDAPHNESALES,AL Daphne Sales
US,False,Daphne (City) Local Sellers Use Tax Report,2019-01-01T00:00:00,2022-09-30T00:00:00,descriptive_state_level_label,ALDAPHNEUSE,1,0,https://s3-us-west-2.amazonaws.com/tax-form-catalog-prd-us-west-2-data/tax-form-catalog/png/25b38e5a-abc0-4619-9157-9268c98e06a2.png,,AL,20,likely_state_or_province_level,PRODUCTION,USALDAPHNEUSE,AL Daphne Use
US,False,Decatur (City) Local Tax Report,2024-06-01T00:00:00,9999-12-31T00:00:00,descriptive_state_level_label,ALDECATUR,1,0,https://s3-us-west-2.amazonaws.com/tax-form-catalog-prd-us-west-2-data/tax-form-catalog/png/1839037f-444b-4b2e-8879-4373229ffeb7.png,,AL,44,likely_state_or_province_level,PRODUCTION,USALDECATUR,AL Decatur
US,False,Decatur (City) Police Jurisdiction Local Tax Report,2019-01-01T00:00:00,9999-12-31T00:00:00,descriptive_state_level_label,ALDECATURPJ,1,0,https://s3-us-west-2.amazonaws.com/tax-form-catalog-prd-us-west-2-data/tax-form-catalog/png/6e0c764c-0fad-4f6f-889d-7ce556628b05.png,,AL,32,likely_state_or_province_level,PRODUCTION,USALDECATURPJ,AL Decatur Police Jurisdiction
US,False,DeKalb (County) Monthly Local Sales & Use Tax Report (for monthly filers),2019-01-01T00:00:00,9999-12-31T00:00:00,descriptive_state_level_label,ALDEKALBMONTHLY,1,0,https://s3-us-west-2.amazonaws.com/tax-form-catalog-prd-us-west-2-data/tax-form-catalog/png/55e9c506-1aeb-455f-960d-223a9c41e363.png,,AL,26,likely_state_or_province_level,PRODUCTION,USALDEKALBMONTHLY,AL Dekalb Monthly
US,False,DeKalb (County) Annual Local Sales & Use Tax Report,2019-01-01T00:00:00,9999-12-31T00:00:00,descriptive_state_level_label,ALDEKALBYEARLY,1,0,https://s3-us-west-2.amazonaws.com/tax-form-catalog-prd-us-west-2-data/tax-form-catalog/png/95fb2dfb-d7bf-426a-948d-d91734e87b4c.png,,AL,23,likely_state_or_province_level,PRODUCTION,USALDEKALBYEARLY,AL Dekalb Yearly
US,False,Edwardsville (City) Local Sales & Use Tax Return,2019-01-01T00:00:00,9999-12-31T00:00:00,descriptive_state_level_label,ALEDWARDSVILLE,1,0,https://s3-us-west-2.amazonaws.com/tax-form-catalog-prd-us-west-2-data/tax-form-catalog/png/9944e6ee-7b0c-406e-aa65-7cea82321484.png,,AL,24,likely_state_or_province_level,PRODUCTION,USALEDWARDSVILLE,AL Edwardsville
US,False,Ethelsville (City) Local Sales Tax Report,2019-01-01T00:00:00,9999-12-31T00:00:00,descriptive_state_level_label,ALETHELSVILLE,1,0,https://s3-us-west-2.amazonaws.com/tax-form-catalog-prd-us-west-2-data/tax-form-catalog/png/7ee88cea-65c8-4967-b1eb-67bb14c4e34f.png,,AL,23,likely_state_or_province_level,PRODUCTION,USALETHELSVILLE,AL Ethelsville Sales
US,False,"Eva (City) Local Sales, Sellers Use, Consumer Use, Rental, & Leasing Tax Return",2020-05-01T00:00:00,2023-12-31T00:00:00,descriptive_state_level_label,ALEVA,1,0,https://s3-us-west-2.amazonaws.com/tax-form-catalog-prd-us-west-2-data/tax-form-catalog/png/22a53209-0efd-44d6-bbdd-d6bef0b3bc2f.png,,AL,29,likely_state_or_province_level,PRODUCTION,USALEVA,AL Eva
US,False,Town of Fairview Consumer Use,2015-06-01T00:00:00,2017-07-31T00:00:00,descriptive_or_internal_label,ALFAIRVIEWCU,1,0,https://s3-us-west-2.amazonaws.com/tax-form-catalog-prd-us-west-2-data/tax-form-catalog/png/9f310e79-4008-4dad-a4a1-0e9bfb5e5b90.png,,AL,1,likely_state_or_province_level,PRODUCTION,USALFAIRVIEWCU,AL Fairview CU
US,False,"Falkville (City) Local Sales, Sellers Use, Consumer Use, Rental, Leasing, & Tobacco Tax Return",2020-05-01T00:00:00,2023-12-31T00:00:00,descriptive_state_level_label,ALFALKVILLE,1,0,https://s3-us-west-2.amazonaws.com/tax-form-catalog-prd-us-west-2-data/tax-form-catalog/png/db0cb30a-7a28-4cf6-baf5-615d7377348b.png,,AL,37,likely_state_or_province_level,PRODUCTION,USALFALKVILLE,AL Falkville
US,False,Foley (City) Alabama Sales and Use Return,2021-03-01T00:00:00,9999-12-31T00:00:00,descriptive_state_level_label,ALFOLEY,1,0,https://s3-us-west-2.amazonaws.com/tax-form-catalog-prd-us-west-2-data/tax-form-catalog/png/0b984a7c-69b4-4f85-8108-a7f08a5345d3.png,,AL,18,likely_state_or_province_level,PRODUCTION,USALFOLEY,AL Foley
US,False,"Sales, Lease, Rental and Use Tax Report (Monthly)",2014-07-01T00:00:00,2015-12-01T00:00:00,descriptive_state_level_label,ALGRAYSVILLE,1,0,https://s3-us-west-2.amazonaws.com/tax-form-catalog-prd-us-west-2-data/tax-form-catalog/png/7a357517-d21d-4086-8a5c-28b8f3dec2f4.png,,AL,2,likely_state_or_province_level,PRODUCTION,USALGRAYSVILLE,AL Graysville
US,False,Gulf Shores (City) Local Tax Return,2024-10-01T00:00:00,9999-12-31T00:00:00,descriptive_state_level_label,ALGULFSHORES,1,0,https://s3-us-west-2.amazonaws.com/tax-form-catalog-prd-us-west-2-data/tax-form-catalog/png/f62bf412-9a53-4ca1-88ab-4b79476f79de.png,,AL,55,likely_state_or_province_level,PRODUCTION,USALGULFSHORES,AL Gulf Shores
US,False,Rental - Lease Tax Report,2010-05-01T00:00:00,2015-10-31T00:00:00,descriptive_state_level_label,ALGULFSHORESRENTAL,1,0,https://s3-us-west-2.amazonaws.com/tax-form-catalog-prd-us-west-2-data/tax-form-catalog/png/f7fba9bf-ade2-45bb-b5dd-15b2133f6550.png,,AL,0,likely_state_or_province_level,PRODUCTION,USALGULFSHORESRENTAL,AL Gulf Shores Rental
US,False,Use Tax Report,2014-01-01T00:00:00,2015-10-31T00:00:00,descriptive_state_level_label,ALGULFSHORESUSE,1,0,https://s3-us-west-2.amazonaws.com/tax-form-catalog-prd-us-west-2-data/tax-form-catalog/png/6d97ec2d-aa64-4c56-a4eb-c6acc5836547.png,,AL,1,likely_state_or_province_level,PRODUCTION,USALGULFSHORESUSE,AL Gulf Shores Use
US,False,Haleyville (City) Local Sales Tax Report,2019-06-01T00:00:00,2025-12-31T00:00:00,descriptive_state_level_label,ALHALEYVILLE,1,0,https://s3-us-west-2.amazonaws.com/tax-form-catalog-prd-us-west-2-data/tax-form-catalog/png/05385576-d908-4c04-b6b3-e6d8404a54f8.png,,AL,16,likely_state_or_province_level,PRODUCTION,USALHALEYVILLE,AL Haleyville
US,False,Rental Tax Return,2010-06-01T00:00:00,9999-12-31T00:00:00,descriptive_state_level_label,ALHARPERSVILLE,1,0,https://s3-us-west-2.amazonaws.com/tax-form-catalog-prd-us-west-2-data/tax-form-catalog/png/6664766f-02aa-4fed-a466-314d7859e89f.png,,AL,3,likely_state_or_province_level,PRODUCTION,USALHARPERSVILLE,AL Harpersville Rental
US,False,"Sales, Sellers Use, Consumer's Use, Rental & Leasing Tax Report",2015-10-01T00:00:00,2017-06-30T00:00:00,descriptive_state_level_label,ALHARTSELLE,1,0,https://s3-us-west-2.amazonaws.com/tax-form-catalog-prd-us-west-2-data/tax-form-catalog/png/62254027-c2ef-4967-ab74-fc3da8921d08.png,,AL,4,likely_state_or_province_level,PRODUCTION,USALHARTSELLE,AL Hartselle
US,False,"Helena (City) Local Sales, Use, Lease/Rental Tax Report",2025-11-01T00:00:00,9999-12-31T00:00:00,descriptive_state_level_label,ALHELENA,1,0,https://s3-us-west-2.amazonaws.com/tax-form-catalog-prd-us-west-2-data/tax-form-catalog/png/63c55f40-9b05-4e0c-98c7-29c78d32fa40.png,,AL,38,likely_state_or_province_level,PRODUCTION,USALHELENA,AL Helena
US,False,Sales and Use Tax Report,2018-10-01T00:00:00,2018-12-31T00:00:00,descriptive_state_level_label,ALHOOVER,1,0,https://s3-us-west-2.amazonaws.com/tax-form-catalog-prd-us-west-2-data/tax-form-catalog/png/7ba30ca5-e2ae-48c1-8234-f64fbc381467.png,,AL,5,likely_state_or_province_level,PRODUCTION,USALHOOVER,AL Hoover
US,False,Hoover (City) Local Consumers Use Tax Report,2022-10-01T00:00:00,9999-12-31T00:00:00,descriptive_state_level_label,ALHOOVERCU,1,0,https://s3-us-west-2.amazonaws.com/tax-form-catalog-prd-us-west-2-data/tax-form-catalog/png/f327a79a-02cb-40c0-89dd-f7321d0f2f6c.png,,AL,29,likely_state_or_province_level,PRODUCTION,USALHOOVERCU,AL Hoover Consumers Use
US,False,Hoover (City) Local Lease/Rental Tax Report,2022-10-01T00:00:00,9999-12-31T00:00:00,descriptive_state_level_label,ALHOOVERRENTAL,1,0,https://s3-us-west-2.amazonaws.com/tax-form-catalog-prd-us-west-2-data/tax-form-catalog/png/d5e0efe7-716d-401b-9fb8-416c83f4d008.png,,AL,26,likely_state_or_province_level,PRODUCTION,USALHOOVERRENTAL,AL Hoover Rental
US,False,Hoover (City) Local Sales Tax Report,2023-10-01T00:00:00,9999-12-31T00:00:00,descriptive_state_level_label,ALHOOVERSALES,1,0,https://s3-us-west-2.amazonaws.com/tax-form-catalog-prd-us-west-2-data/tax-form-catalog/png/68590157-1f3f-45e2-a063-6548208dc8fd.png,,AL,31,likely_state_or_province_level,PRODUCTION,USALHOOVERSALES,AL Hoover Sales
US,False,Hoover (City) Local Sellers Use Tax Report,2024-06-01T00:00:00,9999-12-31T00:00:00,descriptive_state_level_label,ALHOOVERUSE,1,0,https://s3-us-west-2.amazonaws.com/tax-form-catalog-prd-us-west-2-data/tax-form-catalog/png/44c2c615-32da-4dad-b40a-4677f164fee9.png,,AL,32,likely_state_or_province_level,PRODUCTION,USALHOOVERUSE,AL Hoover Use
US,False,Huntsville (City) Local Tax Return,2023-01-01T00:00:00,9999-12-31T00:00:00,descriptive_state_level_label,ALHUNTSVILLE,1,0,https://s3-us-west-2.amazonaws.com/tax-form-catalog-prd-us-west-2-data/tax-form-catalog/png/d42edb0d-0bff-4074-af13-c498d3d54faf.png,,AL,46,likely_state_or_province_level,PRODUCTION,USALHUNTSVILLE,AL Huntsville
US,False,Irondale (City) Local Tax Report,2022-03-01T00:00:00,9999-12-31T00:00:00,descriptive_state_level_label,ALIRONDALE,1,0,https://s3-us-west-2.amazonaws.com/tax-form-catalog-prd-us-west-2-data/tax-form-catalog/png/963efa68-2b73-4553-b40e-a524746c7dc6.png,,AL,38,likely_state_or_province_level,PRODUCTION,USALIRONDALE,AL Irondale
US,False,Irondale (City) Police Jurisdiction Local Tax Report,2019-02-01T00:00:00,2022-09-30T00:00:00,descriptive_state_level_label,ALIRONDALEPJ,1,0,https://s3-us-west-2.amazonaws.com/tax-form-catalog-prd-us-west-2-data/tax-form-catalog/png/0ee4b4d1-b7bf-41ea-bf9d-2fc17f470089.png,,AL,21,likely_state_or_province_level,PRODUCTION,USALIRONDALEPJ,AL Irondale Police Jurisdiciton
US,False,Jasper (City) Local Tax Return,2022-02-01T00:00:00,2022-06-30T00:00:00,descriptive_state_level_label,ALJASPER,1,0,https://s3-us-west-2.amazonaws.com/tax-form-catalog-prd-us-west-2-data/tax-form-catalog/png/ef84a613-f021-4e3f-bb95-795b3bf59003.png,,AL,29,likely_state_or_province_level,PRODUCTION,USALJASPER,AL Jasper
US,False,Education Sales Tax Report,2012-12-01T00:00:00,2017-07-31T00:00:00,descriptive_state_level_label,ALJEFFERSONEDU,1,0,https://s3-us-west-2.amazonaws.com/tax-form-catalog-prd-us-west-2-data/tax-form-catalog/png/e5d3e253-9899-4700-bb35-f6cefc538236.png,,AL,1,likely_state_or_province_level,PRODUCTION,USALJEFFERSONEDU,AL Jefferson Education Sales
US,False,Sales and Use Tax Report,2010-01-01T00:00:00,9999-12-31T00:00:00,descriptive_state_level_label,ALLAKEVIEW,1,0,https://s3-us-west-2.amazonaws.com/tax-form-catalog-prd-us-west-2-data/tax-form-catalog/png/572d1888-65e3-4583-bf49-a64017e49430.png,,AL,3,likely_state_or_province_level,PRODUCTION,USALLAKEVIEW,AL Lake View
US,False,Sales and Use Tax Return,2015-11-01T00:00:00,2018-06-30T00:00:00,descriptive_state_level_label,ALLEEDS,1,0,https://s3-us-west-2.amazonaws.com/tax-form-catalog-prd-us-west-2-data/tax-form-catalog/png/efc57f1b-759f-413c-af7f-534905e0ac76.png,,AL,6,likely_state_or_province_level,PRODUCTION,USALLEEDS,AL Leeds
US,False,Lincoln (City) Local Sales & Use Tax Return,2025-10-01T00:00:00,9999-12-31T00:00:00,descriptive_state_level_label,ALLINCOLN,1,0,https://s3-us-west-2.amazonaws.com/tax-form-catalog-prd-us-west-2-data/tax-form-catalog/png/d05a8770-7739-47d4-a067-888d22047632.png,,AL,19,likely_state_or_province_level,PRODUCTION,USALLINCOLN,AL Lincoln
US,False,Littleville Rental Tax Form,1900-01-01T00:00:00,9999-12-31T00:00:00,descriptive_state_level_label,ALLITTLEVILLERENTAL,1,0,https://s3-us-west-2.amazonaws.com/tax-form-catalog-prd-us-west-2-data/tax-form-catalog/png/0bf05b4a-13f7-48ed-be88-a339b2f2e328.png,,AL,2,likely_state_or_province_level,PRODUCTION,USALLITTLEVILLERENTAL,AL Littleville Rental Sales
US,False,Leasing Tax Return,2010-05-01T00:00:00,9999-12-31T00:00:00,descriptive_state_level_label,ALMARIONLEASING,1,0,https://s3-us-west-2.amazonaws.com/tax-form-catalog-prd-us-west-2-data/tax-form-catalog/png/44ce5e4b-31fc-4cee-8f1b-c70ea9859c29.png,,AL,7,likely_state_or_province_level,PRODUCTION,USALMARIONLEASING,AL Marion Leasing
US,False,"Montgomery (City) Police Jurisdiction Sales, Seller's Use, & Consumer's Use Form",2023-07-01T00:00:00,9999-12-31T00:00:00,descriptive_or_internal_label,ALMONTGOMERYPJ,1,0,https://s3-us-west-2.amazonaws.com/tax-form-catalog-prd-us-west-2-data/tax-form-catalog/png/6768c881-861a-4883-9163-6bf0f3cdd4f9.png,,AL,35,likely_state_or_province_level,PRODUCTION,USALMONTGOMERYPJ,AL Montgomery PJ
US,False,Rental Tax Return,2010-05-01T00:00:00,9999-12-31T00:00:00,descriptive_state_level_label,ALMOODYRENTAL,1,0,https://s3-us-west-2.amazonaws.com/tax-form-catalog-prd-us-west-2-data/tax-form-catalog/png/c84ef9e2-28d2-4d4c-b549-74948b6e60cc.png,,AL,15,likely_state_or_province_level,PRODUCTION,USALMOODYRENTAL,AL Moody Rental
US,False,"Northport (City) Local Sales, Use, & Rental Tax Return",2022-09-01T00:00:00,9999-12-31T00:00:00,descriptive_state_level_label,ALNORTHPORT,1,0,https://s3-us-west-2.amazonaws.com/tax-form-catalog-prd-us-west-2-data/tax-form-catalog/png/8da4089c-b394-42b5-b937-38e64e5b3d92.png,,AL,32,likely_state_or_province_level,PRODUCTION,USALNORTHPORT,AL Northport
US,False,Rental Tax Return,2010-05-01T00:00:00,9999-12-31T00:00:00,descriptive_state_level_label,ALOPELIKARENTAL,1,0,https://s3-us-west-2.amazonaws.com/tax-form-catalog-prd-us-west-2-data/tax-form-catalog/png/c0f1f88a-7a5a-4c77-b8b5-62ebfc0ea16f.png,,AL,0,likely_state_or_province_level,PRODUCTION,USALOPELIKARENTAL,AL Opelika Rental
US,False,"Priceville (City) Local Sales, Sellers Use, & Consumer Use Tax Form",2020-05-01T00:00:00,2023-12-31T00:00:00,descriptive_state_level_label,ALPRICEVILLE,1,0,https://s3-us-west-2.amazonaws.com/tax-form-catalog-prd-us-west-2-data/tax-form-catalog/png/d60ad2e7-9f9c-4755-92cb-c3d9b048d880.png,,AL,24,likely_state_or_province_level,PRODUCTION,USALPRICEVILLE,AL Priceville
US,False,Sales and Use Tax Report,2010-01-01T00:00:00,2011-09-30T00:00:00,descriptive_state_level_label,ALRANBURNE,1,0,https://s3-us-west-2.amazonaws.com/tax-form-catalog-prd-us-west-2-data/tax-form-catalog/png/da64a2bd-116c-46c3-98f9-96278989783c.png,,AL,3,likely_state_or_province_level,PRODUCTION,USALRANBURNE,AL Ranburne
US,False,Sales and Use Tax Report,2019-01-01T00:00:00,2019-12-31T00:00:00,descriptive_state_level_label,ALSECTION,1,0,https://s3-us-west-2.amazonaws.com/tax-form-catalog-prd-us-west-2-data/tax-form-catalog/png/552be4f0-59ef-4087-8b06-9b53ad5fbe98.png,,AL,11,likely_state_or_province_level,PRODUCTION,USALSECTION,AL Section
US,False,Police Jurisdiction Sales and Use Tax Report,2019-01-01T00:00:00,2019-12-31T00:00:00,descriptive_state_level_label,ALSECTIONPJ,1,0,https://s3-us-west-2.amazonaws.com/tax-form-catalog-prd-us-west-2-data/tax-form-catalog/png/4b64a044-d22c-47e2-afbc-c01af7590f6f.png,,AL,9,likely_state_or_province_level,PRODUCTION,USALSECTIONPJ,AL Section PJ
US,False,STACS Combined Report (STACS-administered local tax),2026-02-01T00:00:00,9999-12-31T00:00:00,descriptive_state_level_label,ALSTACSCOMBINED,1,0,https://s3-us-west-2.amazonaws.com/tax-form-catalog-prd-us-west-2-data/tax-form-catalog/png/ad29d371-89cc-400d-8016-3532272c1860.png,,AL,54,likely_state_or_province_level,PRODUCTION,USALSTACSCOMBINED,AL STACS Combined
US,False,Alabama State Consumers Use Tax Return,2025-09-01T00:00:00,9999-12-31T00:00:00,likely_official_or_near_official,ALSU2610,1,0,https://s3-us-west-2.amazonaws.com/tax-form-catalog-prd-us-west-2-data/tax-form-catalog/png/5fcf5cce-35a0-4ebc-82fa-1efca509c994.png,,AL,10,likely_state_or_province_level,PRODUCTION,USALSU2610,AL 2610
US,False,Talladega (City) Local Tax Return,2019-01-01T00:00:00,9999-12-31T00:00:00,descriptive_state_level_label,ALTALLADEGA,1,0,https://s3-us-west-2.amazonaws.com/tax-form-catalog-prd-us-west-2-data/tax-form-catalog/png/e4caa4b3-47a0-42b5-af35-9e105bc92e5f.png,,AL,26,likely_state_or_province_level,PRODUCTION,USALTALLADEGA,AL Talladega
US,False,Rental Tax Return,2019-01-01T00:00:00,9999-12-31T00:00:00,descriptive_state_level_label,ALTRUSSVILLE,1,0,https://s3-us-west-2.amazonaws.com/tax-form-catalog-prd-us-west-2-data/tax-form-catalog/png/155373c0-7f2d-4ee2-bbd5-2ca6cec59ecb.png,,AL,22,likely_state_or_province_level,PRODUCTION,USALTRUSSVILLE,AL Trussville Rental
US,False,Weaver (City) Local Sales Tax Report,2021-09-01T00:00:00,9999-12-31T00:00:00,descriptive_state_level_label,ALWEAVERSALES,1,0,https://s3-us-west-2.amazonaws.com/tax-form-catalog-prd-us-west-2-data/tax-form-catalog/png/7ad977a4-6d37-4ae3-b222-056fa5c6fe6a.png,,AL,30,likely_state_or_province_level,PRODUCTION,USALWEAVERSALES,AL Weaver Sales
US,False,Weaver (City) Local Sellers & Consumers Use Tax Report,2022-06-01T00:00:00,9999-12-31T00:00:00,descriptive_state_level_label,ALWEAVERUSE,1,0,https://s3-us-west-2.amazonaws.com/tax-form-catalog-prd-us-west-2-data/tax-form-catalog/png/a66c9155-5109-4071-9f3f-c105649f3e5a.png,,AL,20,likely_state_or_province_level,PRODUCTION,USALWEAVERUSE,AL Weaver Use
US,False,Arkansas Excise Tax Return,2026-01-01T00:00:00,9999-12-31T00:00:00,likely_official_or_near_official,ARET1,1,0,https://s3-us-west-2.amazonaws.com/tax-form-catalog-prd-us-west-2-data/tax-form-catalog/png/e20aba60-cdf4-458f-8e34-90510026f073.png,,AR,210,likely_state_or_province_level,PRODUCTION,USARET1,AR ET1
US,False,Sales Tax - 1st Monthly Prepayment,1900-01-01T00:00:00,9999-12-31T00:00:00,descriptive_state_level_label,ARFIRSTPREPAY,1,0,https://s3-us-west-2.amazonaws.com/tax-form-catalog-prd-us-west-2-data/tax-form-catalog/png/3729030b-a5cb-43d3-b260-6c7f0352062f.png,,AR,3,likely_state_or_province_level,PRODUCTION,USARFIRSTPREPAY,AR Sales 1st Prepay
US,False,Sales Tax - 2nd Monthly Prepayment,1900-01-01T00:00:00,9999-12-31T00:00:00,descriptive_state_level_label,ARSECONDPREPAY,1,0,https://s3-us-west-2.amazonaws.com/tax-form-catalog-prd-us-west-2-data/tax-form-catalog/png/cb5f1da1-3730-40d8-8cd8-b7b8d63a3248.png,,AR,2,likely_state_or_province_level,PRODUCTION,USARSECONDPREPAY,AR Sales 2nd Prepay
US,False,SST Electronic Return,1900-01-01T00:00:00,9999-12-31T00:00:00,descriptive_state_level_label,ARSER,1,0,https://s3-us-west-2.amazonaws.com/tax-form-catalog-prd-us-west-2-data/tax-form-catalog/png/ff41e382-c720-445d-ba30-294429b4094a.png,,AR,157,likely_state_or_province_level,PRODUCTION,USARSER,AR SER
US,False,Privilege (Sales) Tax Return for city of Apache Junction,2015-04-01T00:00:00,2016-12-31T00:00:00,descriptive_state_level_label,AZAPACHEJUNCTION,1,0,https://s3-us-west-2.amazonaws.com/tax-form-catalog-prd-us-west-2-data/tax-form-catalog/png/72303968-352f-4e01-b0aa-f1bf52e1b822.png,,AZ,5,likely_state_or_province_level,PRODUCTION,USAZAPACHEJUNCTION,AZ Apache Junction
US,False,Privilege (Sales) and Use Tax Return,2014-12-01T00:00:00,2016-12-31T00:00:00,descriptive_state_level_label,AZAVONDALE,1,0,https://s3-us-west-2.amazonaws.com/tax-form-catalog-prd-us-west-2-data/tax-form-catalog/png/8254efaa-1340-4689-9488-a67da70ac8dd.png,,AZ,5,likely_state_or_province_level,PRODUCTION,USAZAVONDALE,AZ Avondale
US,False,Transaction Privilege (Sales) and Use Tax Return,2015-12-01T00:00:00,2016-12-31T00:00:00,descriptive_state_level_label,AZCHANDLER,1,0,https://s3-us-west-2.amazonaws.com/tax-form-catalog-prd-us-west-2-data/tax-form-catalog/png/4e6f68bf-e0ba-4d34-bde1-115db80de02b.png,,AZ,5,likely_state_or_province_level,PRODUCTION,USAZCHANDLER,AZ Chandler
US,False,AZ Colorado River Indian Tribes Tax Return,2025-07-01T00:00:00,9999-12-31T00:00:00,descriptive_state_level_label,AZCORIVER,1,0,https://s3-us-west-2.amazonaws.com/tax-form-catalog-prd-us-west-2-data/tax-form-catalog/png/9e2a6b0c-7d00-40b9-8d19-caf97f4b9cd0.png,,AZ,11,likely_state_or_province_level,PRODUCTION,USAZCORIVER,AZ Colorado River Indian Tribes Return
US,False,Tobacco Product Sales Information Return,1900-01-01T00:00:00,9999-12-31T00:00:00,descriptive_state_level_label,AZCORIVERTOBACCO,1,0,https://s3-us-west-2.amazonaws.com/tax-form-catalog-prd-us-west-2-data/tax-form-catalog/png/82179e34-2db8-4be9-b6eb-3d0264a93c3f.png,,AZ,8,likely_state_or_province_level,PRODUCTION,USAZCORIVERTOBACCO,AZ Colorado River Indian Tribes Tobacco Return
US,False,Privilege (Sales) and Use Tax Return,2016-04-01T00:00:00,2016-12-31T00:00:00,descriptive_state_level_label,AZDOUGLAS,1,0,https://s3-us-west-2.amazonaws.com/tax-form-catalog-prd-us-west-2-data/tax-form-catalog/png/804254f8-fefc-46b9-b65d-eb7b0262618c.png,,AZ,4,likely_state_or_province_level,PRODUCTION,USAZDOUGLAS,AZ Douglas
US,False,Transaction Privilege (Sales) Tax Return,2016-01-01T00:00:00,2016-12-31T00:00:00,descriptive_state_level_label,AZFLAGSTAFF,1,0,https://s3-us-west-2.amazonaws.com/tax-form-catalog-prd-us-west-2-data/tax-form-catalog/png/5b29ad45-2f77-464e-9e2d-bc6f30d03824.png,,AZ,3,likely_state_or_province_level,PRODUCTION,USAZFLAGSTAFF,AZ Flagstaff
US,False,Gila River Community Sales Tax Return,2025-01-01T00:00:00,9999-12-31T00:00:00,descriptive_state_level_label,AZGILARIVER,1,0,https://s3-us-west-2.amazonaws.com/tax-form-catalog-prd-us-west-2-data/tax-form-catalog/png/54716aa8-636b-4b43-8ab8-e2eae8af2c3a.png,,AZ,11,likely_state_or_province_level,PRODUCTION,USAZGILARIVER,AZ Gila River
US,False,Transaction Privilege (Sales) and Use Tax Return,2015-12-01T00:00:00,2016-12-31T00:00:00,descriptive_state_level_label,AZGLENDALE,1,0,https://s3-us-west-2.amazonaws.com/tax-form-catalog-prd-us-west-2-data/tax-form-catalog/png/66bdf7f6-2c36-47b1-ae75-2f80b9a290e3.png,,AZ,7,likely_state_or_province_level,PRODUCTION,USAZGLENDALE,AZ Glendale
US,False,Transaction Privilege and Use Tax Report,2023-08-01T00:00:00,9999-12-31T00:00:00,descriptive_state_level_label,AZKAYENTA,1,0,https://s3-us-west-2.amazonaws.com/tax-form-catalog-prd-us-west-2-data/tax-form-catalog/png/ddbedf2e-46cc-49b5-ae08-491a2d733bf6.png,,AZ,14,likely_state_or_province_level,PRODUCTION,USAZKAYENTA,AZ Kayenta
US,False,Transaction Privilege and Use Tax Return,2009-06-01T00:00:00,2016-12-31T00:00:00,descriptive_state_level_label,AZMESA,1,0,https://s3-us-west-2.amazonaws.com/tax-form-catalog-prd-us-west-2-data/tax-form-catalog/png/4de94cde-8885-4dc9-8385-c5a05b535c71.png,,AZ,5,likely_state_or_province_level,PRODUCTION,USAZMESA,AZ Mesa
US,False,(05/05) Sales Tax Return,2018-07-01T00:00:00,9999-12-31T00:00:00,likely_official_or_near_official,AZNAV600,1,0,https://s3-us-west-2.amazonaws.com/tax-form-catalog-prd-us-west-2-data/tax-form-catalog/png/881d2c23-b862-49ba-b1a4-8a55726796d1.png,,AZ,3,likely_state_or_province_level,PRODUCTION,USAZNAV600,AZ Navajo 600
US,False,Transaction Privilege Sales Tax Return,2016-02-01T00:00:00,2016-12-31T00:00:00,descriptive_state_level_label,AZNOGALES,1,0,https://s3-us-west-2.amazonaws.com/tax-form-catalog-prd-us-west-2-data/tax-form-catalog/png/13ce6900-0c49-4c6f-9a3c-a9b4c5000feb.png,,AZ,3,likely_state_or_province_level,PRODUCTION,USAZNOGALES,AZ Nogales
US,False,Privilege (Sales) and Use Tax Return,2016-07-01T00:00:00,2016-12-31T00:00:00,descriptive_state_level_label,AZPEORIA,1,0,https://s3-us-west-2.amazonaws.com/tax-form-catalog-prd-us-west-2-data/tax-form-catalog/png/d66512cf-07be-429d-a951-f8d5f4c50d88.png,,AZ,9,likely_state_or_province_level,PRODUCTION,USAZPEORIA,AZ Peoria
US,False,Privilege (Sales) Tax Return,2014-01-01T00:00:00,2016-12-31T00:00:00,descriptive_state_level_label,AZPHOENIX,1,0,https://s3-us-west-2.amazonaws.com/tax-form-catalog-prd-us-west-2-data/tax-form-catalog/png/70a14cf8-fecb-469c-8e89-fe1a77dfff72.png,,AZ,15,likely_state_or_province_level,PRODUCTION,USAZPHOENIX,AZ Phoenix
US,False,Transaction Privilege and Use Tax Report,2015-12-01T00:00:00,2016-12-31T00:00:00,descriptive_state_level_label,AZPRESCOTT,1,0,https://s3-us-west-2.amazonaws.com/tax-form-catalog-prd-us-west-2-data/tax-form-catalog/png/348ccd92-87ee-4a65-b6af-601ac42f57a7.png,,AZ,11,likely_state_or_province_level,PRODUCTION,USAZPRESCOTT,AZ Prescott
US,False,Salt River Pima-Maricopa Indian Community Sales Tax Return,2025-07-01T00:00:00,9999-12-31T00:00:00,descriptive_state_level_label,AZSALTRIVER,1,0,https://s3-us-west-2.amazonaws.com/tax-form-catalog-prd-us-west-2-data/tax-form-catalog/png/ffcbbc68-64a3-45e6-a781-41d2b032d689.png,,AZ,36,likely_state_or_province_level,PRODUCTION,USAZSALTRIVER,AZ Salt River
US,False,Transaction Privilege and Use Tax Return,1900-01-01T00:00:00,2016-12-31T00:00:00,descriptive_state_level_label,AZSCOTTSDALE,1,0,https://s3-us-west-2.amazonaws.com/tax-form-catalog-prd-us-west-2-data/tax-form-catalog/png/39f12e83-2d65-4d4b-8519-d4bb4e030e1d.png,,AZ,3,likely_state_or_province_level,PRODUCTION,USAZSCOTTSDALE,AZ Scottsdale
US,False,"Privilege (Sales), Use and Transient Lodging (Bed) Tax Report",2014-07-01T00:00:00,2016-12-31T00:00:00,descriptive_state_level_label,AZTEMPE,1,0,https://s3-us-west-2.amazonaws.com/tax-form-catalog-prd-us-west-2-data/tax-form-catalog/png/5ce06587-8662-43f5-82e6-b4a8dc43d85e.png,,AZ,8,likely_state_or_province_level,PRODUCTION,USAZTEMPE,AZ Tempe
US,False,"Transaction Privilege, Use and Severance Tax Return TPT-1",2016-02-01T00:00:00,2016-05-31T00:00:00,likely_official_or_near_official,AZTPT1,1,0,https://s3-us-west-2.amazonaws.com/tax-form-catalog-prd-us-west-2-data/tax-form-catalog/png/ed674ba3-96a1-456d-b8ee-f7ad0d98c717.png,,AZ,30,likely_state_or_province_level,PRODUCTION,USAZTPT1,AZ TPT1
US,False,"Transaction Privilege, Use and Severance Tax Return - (TPT-2)",2026-01-01T00:00:00,9999-12-31T00:00:00,likely_official_or_near_official,AZTPT2,1,0,https://s3-us-west-2.amazonaws.com/tax-form-catalog-prd-us-west-2-data/tax-form-catalog/png/34f65731-3a60-472d-b731-876b4422f5f8.png,,AZ,347,likely_state_or_province_level,PRODUCTION,USAZTPT2,AZ TPT2
US,False,Annual Estimated Payment Form for Transaction Privilege Tax,2016-11-01T00:00:00,9999-12-31T00:00:00,descriptive_state_level_label,AZTPTES,1,0,https://s3-us-west-2.amazonaws.com/tax-form-catalog-prd-us-west-2-data/tax-form-catalog/png/b8f077e8-e0e5-4204-8706-7a2a2f0c68ac.png,,AZ,6,likely_state_or_province_level,PRODUCTION,USAZTPTES,AZ TPT ES
US,False,Tax Return,2016-07-01T00:00:00,2016-12-31T00:00:00,descriptive_state_level_label,AZTUCSON,1,0,https://s3-us-west-2.amazonaws.com/tax-form-catalog-prd-us-west-2-data/tax-form-catalog/png/00f2483c-9c0a-4d5b-bef5-82e3a7e37943.png,,AZ,9,likely_state_or_province_level,PRODUCTION,USAZTUCSON,AZ Tucson
US,False,Yavapai-Prescott Indian Tribe Report of Gross Income and Privilege License Tax,2025-06-01T00:00:00,9999-12-31T00:00:00,descriptive_state_level_label,AZYAVAPAIPRESCOTT,1,0,https://s3-us-west-2.amazonaws.com/tax-form-catalog-prd-us-west-2-data/tax-form-catalog/png/397ada56-bdca-427a-aa0a-e40fe937cd46.png,,AZ,8,likely_state_or_province_level,PRODUCTION,USAZYAVAPAIPRESCOTT,AZ YAVAPAI PRESCOTT
US,False,Prepayment Form for Sales and Use Tax Filers,2010-09-01T00:00:00,2018-12-31T00:00:00,likely_official_or_near_official,CABOE1150,1,0,https://s3-us-west-2.amazonaws.com/tax-form-catalog-prd-us-west-2-data/tax-form-catalog/png/bdbe58c3-c0f4-449f-a928-e5264a164471.png,,CA,2,likely_state_or_province_level,PRODUCTION,USCABOE1150,CA BOE 1150
US,False,"State, Local, and District Sales and Use Tax Return",2017-10-01T00:00:00,2017-12-31T00:00:00,likely_official_or_near_official,CABOE401A2,1,0,https://s3-us-west-2.amazonaws.com/tax-form-catalog-prd-us-west-2-data/tax-form-catalog/png/1aef63a9-bb05-438c-b260-398cbaad94f2.png,,CA,99,likely_state_or_province_level,PRODUCTION,USCABOE401A2,CA BOE 401 A2
US,False,"State, Local, and District Sales and Use Tax Return with Schedule C",2017-10-01T00:00:00,2017-12-31T00:00:00,likely_official_or_near_official,CABOE401A2OUTLET,1,0,https://s3-us-west-2.amazonaws.com/tax-form-catalog-prd-us-west-2-data/tax-form-catalog/png/c68c5f8f-23e6-484e-b0f2-2ab75fae1124.png,,CA,74,likely_state_or_province_level,PRODUCTION,USCABOE401A2OUTLET,CA BOE 401 A2 Outlet
US,False,"State, Local, and District Sales and Use Tax Return- Split",2017-10-01T00:00:00,9999-12-31T00:00:00,likely_official_or_near_official,CABOE401A2SPLIT,1,0,https://s3-us-west-2.amazonaws.com/tax-form-catalog-prd-us-west-2-data/tax-form-catalog/png/0b6ed6fa-2491-441f-ac1d-371e92b7cc4f.png,,CA,11,likely_state_or_province_level,PRODUCTION,USCABOE401A2SPLIT,CA BOE 401 A2 Split
US,False,Schedule F - Detailed Allocation by City of 1% Combined Rate,2016-11-01T00:00:00,2018-03-31T00:00:00,likely_official_or_near_official,CABOE531F,1,0,https://s3-us-west-2.amazonaws.com/tax-form-catalog-prd-us-west-2-data/tax-form-catalog/png/6a01c709-f530-4118-875e-b157223db12d.png,,CA,3,likely_state_or_province_level,PRODUCTION,USCABOE531F,CA BOE 531 F
US,False,"State, Local, and District Sales and Use Tax Return",2026-01-01T00:00:00,9999-12-31T00:00:00,likely_official_or_near_official,CACDTFA401A2,1,0,https://s3-us-west-2.amazonaws.com/tax-form-catalog-prd-us-west-2-data/tax-form-catalog/png/e638c0ef-26ad-4cd6-a528-260388c5cdab.png,,CA,375,likely_state_or_province_level,PRODUCTION,USCACDTFA401A2,CA CDTFA 401 A2
US,False,"State, Local, and District Sales and Use Tax Return with Schedule C",2025-04-01T00:00:00,2025-06-30T00:00:00,likely_official_or_near_official,CACDTFA401A2OUTLET,1,0,https://s3-us-west-2.amazonaws.com/tax-form-catalog-prd-us-west-2-data/tax-form-catalog/png/536f3ff7-c49f-420f-bfda-58564f706fec.png,,CA,295,likely_state_or_province_level,PRODUCTION,USCACDTFA401A2OUTLET,CA CDTFA 401 A2 OUTLET
US,False,"State, Local, and District Consumer Use Tax Return",2026-01-01T00:00:00,9999-12-31T00:00:00,likely_official_or_near_official,CACDTFA401E,1,0,https://s3-us-west-2.amazonaws.com/tax-form-catalog-prd-us-west-2-data/tax-form-catalog/png/24e51ca8-a241-4cc0-a46a-dc7a2adc680d.png,,CA,196,likely_state_or_province_level,PRODUCTION,USCACDTFA401E,CA CDTFA 401 E
US,False,Schedule H -  Detailed Allocation by City of 1% Combined Rate,2018-01-01T00:00:00,2018-03-31T00:00:00,likely_official_or_near_official,CACDTFA531H,1,0,https://s3-us-west-2.amazonaws.com/tax-form-catalog-prd-us-west-2-data/tax-form-catalog/png/050022e3-69d1-42bc-8db5-a4bdf4c3f398.png,,CA,2,likely_state_or_province_level,PRODUCTION,USCACDTFA531H,CA CDTFA 531 H
US,False,Declaration of Gross Receipts,2017-06-01T00:00:00,9999-12-31T00:00:00,descriptive_or_internal_label,CAMODESTO,1,0,https://s3-us-west-2.amazonaws.com/tax-form-catalog-prd-us-west-2-data/tax-form-catalog/png/34ec5688-2f4c-499f-8db0-31b7310ef846.png,,CA,0,likely_state_or_province_level,PRODUCTION,USCAMODESTO,CA Modesto
US,False,Sales and Use Tax Prepayment Form,1900-01-01T00:00:00,9999-12-31T00:00:00,descriptive_state_level_label,CAPREPAYMENT,1,0,https://s3-us-west-2.amazonaws.com/tax-form-catalog-prd-us-west-2-data/tax-form-catalog/png/4a06c58e-6f37-4ed9-8faa-f681e84f2b16.png,,CA,3,likely_state_or_province_level,PRODUCTION,USCAPREPAYMENT,CA Prepayment
US,False,Consumer Use Tax Prepayment Form,1900-01-01T00:00:00,9999-12-31T00:00:00,descriptive_state_level_label,USCAPREPAYMENTCU,1,0,https://s3-us-west-2.amazonaws.com/tax-form-catalog-prd-us-west-2-data/tax-form-catalog/png/4fc174ba-17eb-4212-ba0a-f45e014c1552.png,,CA,1,likely_state_or_province_level,PRODUCTION,USCAPREPAYMENTCU,CA Prepayment Consumer Use
US,False,Retail Sales Tax Return,2010-03-01T00:00:00,2019-12-31T00:00:00,descriptive_state_level_label,COALAMOSA,1,0,https://s3-us-west-2.amazonaws.com/tax-form-catalog-prd-us-west-2-data/tax-form-catalog/png/5c8b8bb1-d4ca-4b9d-a7b1-7319f5b3bd45.png,,CO,6,likely_state_or_province_level,PRODUCTION,USCOALAMOSA,CO Alamosa
US,False,Alamosa Use Tax Return,1900-01-01T00:00:00,9999-12-31T00:00:00,descriptive_state_level_label,COALAMOSAUSE,1,0,https://s3-us-west-2.amazonaws.com/tax-form-catalog-prd-us-west-2-data/tax-form-catalog/png/20c0c773-7674-4b9b-837d-a18e9eea93a4.png,,CO,2,likely_state_or_province_level,PRODUCTION,USCOALAMOSAUSE,CO Alamosa Use
US,False,Sales & Use Tax Return,2019-01-01T00:00:00,9999-12-31T00:00:00,descriptive_state_level_label,COARVADA,1,0,https://s3-us-west-2.amazonaws.com/tax-form-catalog-prd-us-west-2-data/tax-form-catalog/png/f68b2bc9-60dd-4a9a-a9fd-77ce247ee28a.png,,CO,50,likely_state_or_province_level,PRODUCTION,USCOARVADA,CO Arvada
US,False,Sales and Lodging Tax Return,2025-01-01T00:00:00,9999-12-31T00:00:00,descriptive_state_level_label,COASPEN,1,0,https://s3-us-west-2.amazonaws.com/tax-form-catalog-prd-us-west-2-data/tax-form-catalog/png/dd76cb35-9656-45f1-83c9-029f30072909.png,,CO,40,likely_state_or_province_level,PRODUCTION,USCOASPEN,CO Aspen
US,False,Sales & Use Tax Return,2025-10-01T00:00:00,9999-12-31T00:00:00,descriptive_state_level_label,COAURORA,1,0,https://s3-us-west-2.amazonaws.com/tax-form-catalog-prd-us-west-2-data/tax-form-catalog/png/38096fa9-14ce-4e29-8381-25fb288bea3c.png,,CO,31,likely_state_or_province_level,PRODUCTION,USCOAURORA,CO Aurora
US,False,Sales & Use Tax Returnn,2025-10-01T00:00:00,9999-12-31T00:00:00,descriptive_state_level_label,COAURORACONSOLIDATED,1,0,https://s3-us-west-2.amazonaws.com/tax-form-catalog-prd-us-west-2-data/tax-form-catalog/png/5cb0643d-3b41-4cbd-89e2-51929e4a38fb.png,,CO,15,likely_state_or_province_level,PRODUCTION,USCOAURORACONSOLIDATED,CO Aurora (Consolidated)
US,False,Avon Tax Return,2010-03-01T00:00:00,9999-12-31T00:00:00,descriptive_state_level_label,COAVON,1,0,https://s3-us-west-2.amazonaws.com/tax-form-catalog-prd-us-west-2-data/tax-form-catalog/png/7cf8dc02-5956-4935-9ac8-31b35c2ae14f.png,,CO,43,likely_state_or_province_level,PRODUCTION,USCOAVON,CO Avon
US,False,Civic Assessment Tax Return,2022-03-01T00:00:00,9999-12-31T00:00:00,descriptive_state_level_label,COBEAVERCREEKCIVICASSESSMENT,1,0,https://s3-us-west-2.amazonaws.com/tax-form-catalog-prd-us-west-2-data/tax-form-catalog/png/3bb7ea15-e7ab-4054-bfdb-9a0c3fcb7cbd.png,,CO,9,likely_state_or_province_level,PRODUCTION,USCOBEAVERCREEKCIVICASSESSMENT,CO Beaver Creek Civic Assesment
US,False,Sales Tax Return,2025-02-01T00:00:00,9999-12-31T00:00:00,descriptive_state_level_label,COBLACKHAWK,1,0,https://s3-us-west-2.amazonaws.com/tax-form-catalog-prd-us-west-2-data/tax-form-catalog/png/c77a5619-0ad0-4c00-a4c9-1305f9ad08d3.png,,CO,48,likely_state_or_province_level,PRODUCTION,USCOBLACKHAWK,CO Black Hawk
US,False,Sales Tax Return,2017-10-01T00:00:00,9999-12-31T00:00:00,descriptive_state_level_label,COBOULDER,1,0,https://s3-us-west-2.amazonaws.com/tax-form-catalog-prd-us-west-2-data/tax-form-catalog/png/15fdfa7a-cc6d-4265-a082-fd907c26f5eb.png,,CO,31,likely_state_or_province_level,PRODUCTION,USCOBOULDER,CO Boulder
US,False,Sales Tax Return,1900-01-01T00:00:00,9999-12-31T00:00:00,descriptive_state_level_label,COBOULDERCONSOLIDATED,1,0,https://s3-us-west-2.amazonaws.com/tax-form-catalog-prd-us-west-2-data/tax-form-catalog/png/c1da8431-f3f6-412e-9d17-65d6f18c58f4.png,,CO,11,likely_state_or_province_level,PRODUCTION,USCOBOULDERCONSOLIDATED,CO Boulder Outlets
US,False,Sales Tax Return,2026-01-01T00:00:00,9999-12-31T00:00:00,descriptive_state_level_label,COBRECKENRIDGE,1,0,https://s3-us-west-2.amazonaws.com/tax-form-catalog-prd-us-west-2-data/tax-form-catalog/png/c9141be4-b569-4cba-a4e8-2cdacb4af6b1.png,,CO,54,likely_state_or_province_level,PRODUCTION,USCOBRECKENRIDGE,CO Breckenridge
US,False,Sales Tax Return,2026-01-01T00:00:00,9999-12-31T00:00:00,descriptive_state_level_label,COBRIGHTON,1,0,https://s3-us-west-2.amazonaws.com/tax-form-catalog-prd-us-west-2-data/tax-form-catalog/png/1f7ef671-49b0-4636-bb85-166c0950333f.png,,CO,56,likely_state_or_province_level,PRODUCTION,USCOBRIGHTON,CO Brighton
US,False,Sales Tax Return,2023-02-01T00:00:00,9999-12-31T00:00:00,descriptive_state_level_label,COBROOMFIELD,1,0,https://s3-us-west-2.amazonaws.com/tax-form-catalog-prd-us-west-2-data/tax-form-catalog/png/ec603fc0-d4c7-4833-9d31-d06b7399254f.png,,CO,34,likely_state_or_province_level,PRODUCTION,USCOBROOMFIELD,CO Broomfield
US,False,Sales Tax Return,2019-02-01T00:00:00,9999-12-31T00:00:00,descriptive_state_level_label,COCANON,1,0,https://s3-us-west-2.amazonaws.com/tax-form-catalog-prd-us-west-2-data/tax-form-catalog/png/9484b9fd-fd6c-4bef-accc-5c039f87007b.png,,CO,30,likely_state_or_province_level,PRODUCTION,USCOCANON,CO Canon
US,False,Use Tax Return,2025-01-01T00:00:00,9999-12-31T00:00:00,descriptive_state_level_label,USCOCANON,1,0,https://s3-us-west-2.amazonaws.com/tax-form-catalog-prd-us-west-2-data/tax-form-catalog/png/5df0c0a4-4cd9-4992-a964-00156ba2cb10.png,,CO,7,likely_state_or_province_level,PRODUCTION,USCOCANONUSE,CO Canon Use
US,False,Sales Tax Return,2013-06-01T00:00:00,2023-12-31T00:00:00,descriptive_state_level_label,COCARBONDALEA,1,0,https://s3-us-west-2.amazonaws.com/tax-form-catalog-prd-us-west-2-data/tax-form-catalog/png/9b3e4a5c-f09d-46fd-94ad-99306a253224.png,,CO,26,likely_state_or_province_level,PRODUCTION,USCOCARBONDALEA,CO Carbondale Annual
US,False,Sales/Use Tax Return,2024-01-01T00:00:00,9999-12-31T00:00:00,descriptive_state_level_label,COCASTLEPINES,1,0,https://s3-us-west-2.amazonaws.com/tax-form-catalog-prd-us-west-2-data/tax-form-catalog/png/c05f7ae8-3103-4d0b-8699-39ebc934cb23.png,,CO,23,likely_state_or_province_level,PRODUCTION,USCOCASTLEPINES,CO Castle Pines
US,False,Sales Tax Return,2025-01-01T00:00:00,9999-12-31T00:00:00,descriptive_state_level_label,COCASTLEROCK,1,0,https://s3-us-west-2.amazonaws.com/tax-form-catalog-prd-us-west-2-data/tax-form-catalog/png/211eb3b1-9fe1-4cd2-a4cb-3d7fe7424696.png,,CO,15,likely_state_or_province_level,PRODUCTION,USCOCASTLEROCK,CO Castle Rock
US,False,City of Centennial Sales Tax Return,2019-02-01T00:00:00,9999-12-31T00:00:00,descriptive_state_level_label,COCENTENNIAL,1,0,https://s3-us-west-2.amazonaws.com/tax-form-catalog-prd-us-west-2-data/tax-form-catalog/png/d698b045-e575-4545-be4a-474f3821ba43.png,,CO,36,likely_state_or_province_level,PRODUCTION,USCOCENTENNIAL,CO Centennial
US,False,RSF Payment Form,2010-06-01T00:00:00,9999-12-31T00:00:00,descriptive_or_internal_label,COCENTERRALIFESTYLERSF,1,0,https://s3-us-west-2.amazonaws.com/tax-form-catalog-prd-us-west-2-data/tax-form-catalog/png/09f46535-4458-4470-be20-698e83cc5a9e.png,,CO,4,likely_state_or_province_level,PRODUCTION,USCOCENTERRALIFESTYLERSF,CO Centerra Lifestyle Center
US,False,PIF Payment Form,2022-11-01T00:00:00,9999-12-31T00:00:00,descriptive_or_internal_label,COCENTERRAPIF,1,0,https://s3-us-west-2.amazonaws.com/tax-form-catalog-prd-us-west-2-data/tax-form-catalog/png/f478f5ca-595c-4ec7-ac0a-c6be14e0aad7.png,,CO,7,likely_state_or_province_level,PRODUCTION,USCOCENTERRAPIF,CO Centerra Public Improvement Collection Corp
US,False,RSF Payment Form,2019-11-01T00:00:00,9999-12-31T00:00:00,descriptive_or_internal_label,COCENTERRARSF,1,0,https://s3-us-west-2.amazonaws.com/tax-form-catalog-prd-us-west-2-data/tax-form-catalog/png/97c994f5-2361-45ca-89a0-666252e5b43c.png,,CO,4,likely_state_or_province_level,PRODUCTION,USCOCENTERRARSF,CO Centerra Retail Sales Fee
US,False,Sales Tax Return,2019-01-01T00:00:00,9999-12-31T00:00:00,descriptive_state_level_label,COCENTRAL,1,0,https://s3-us-west-2.amazonaws.com/tax-form-catalog-prd-us-west-2-data/tax-form-catalog/png/7d45808e-287f-4705-afef-61d79b20c55f.png,,CO,24,likely_state_or_province_level,PRODUCTION,USCOCENTRAL,CO Central
US,False,Sales Tax Return,2025-03-01T00:00:00,9999-12-31T00:00:00,descriptive_state_level_label,COCOLORADOSPRINGS,1,0,https://s3-us-west-2.amazonaws.com/tax-form-catalog-prd-us-west-2-data/tax-form-catalog/png/25a064ea-4dc5-4a6d-8587-9aa351fa2d2c.png,,CO,91,likely_state_or_province_level,PRODUCTION,USCOCOLORADOSPRINGS,CO Colorado Springs
US,False,Sales/Use Tax Return,2022-02-01T00:00:00,9999-12-31T00:00:00,descriptive_state_level_label,COCOMMERCE,1,0,https://s3-us-west-2.amazonaws.com/tax-form-catalog-prd-us-west-2-data/tax-form-catalog/png/5f5a350c-3f07-4244-9782-ecbb0a60680a.png,,CO,49,likely_state_or_province_level,PRODUCTION,USCOCOMMERCE,CO Commerce
US,False,Sales Tax Return,2026-01-01T00:00:00,9999-12-31T00:00:00,descriptive_state_level_label,COCORTEZ,1,0,https://s3-us-west-2.amazonaws.com/tax-form-catalog-prd-us-west-2-data/tax-form-catalog/png/892180e6-545d-4153-a0ad-aec4b9e6169e.png,,CO,24,likely_state_or_province_level,PRODUCTION,USCOCORTEZ,CO Cortez
US,False,"Craig, CO Retail Sales Tax Return",2024-04-01T00:00:00,9999-12-31T00:00:00,descriptive_state_level_label,COCRAIG,1,0,https://s3-us-west-2.amazonaws.com/tax-form-catalog-prd-us-west-2-data/tax-form-catalog/png/696693e8-e1bb-4e81-bdda-c34490fe73e0.png,,CO,23,likely_state_or_province_level,PRODUCTION,USCOCRAIG,CO Craig
US,False,Sales Tax Return,2016-01-01T00:00:00,9999-12-31T00:00:00,descriptive_state_level_label,COCRESTEDBUTTE,1,0,https://s3-us-west-2.amazonaws.com/tax-form-catalog-prd-us-west-2-data/tax-form-catalog/png/86c9392d-5d36-4789-b763-36229068a4e4.png,,CO,25,likely_state_or_province_level,PRODUCTION,USCOCRESTEDBUTTE,CO Crested Butte
US,False,Sale and Use Tax Return,2022-10-01T00:00:00,9999-12-31T00:00:00,descriptive_state_level_label,CODACONO,1,0,https://s3-us-west-2.amazonaws.com/tax-form-catalog-prd-us-west-2-data/tax-form-catalog/png/59db56b6-e434-4882-838a-08fc483c0a2e.png,,CO,30,likely_state_or_province_level,PRODUCTION,USCODACONO,CO Dacono
US,False,Sales & Use Tax Return,2022-12-01T00:00:00,9999-12-31T00:00:00,descriptive_state_level_label,CODELTA,1,0,https://s3-us-west-2.amazonaws.com/tax-form-catalog-prd-us-west-2-data/tax-form-catalog/png/c8a48d30-1d03-4264-9bd2-d90c7c000703.png,,CO,15,likely_state_or_province_level,PRODUCTION,USCODELTA,CO Delta
US,False,Denver Monthly Sales/Use Tax Return,2025-01-01T00:00:00,9999-12-31T00:00:00,descriptive_state_level_label,CODENVER,1,0,https://s3-us-west-2.amazonaws.com/tax-form-catalog-prd-us-west-2-data/tax-form-catalog/png/bc403e1f-2a72-4f28-b5f9-632d56df5103.png,,CO,47,likely_state_or_province_level,PRODUCTION,USCODENVER,CO Denver Monthly
US,False,Denver Annual Sales/Use Tax Return,2025-01-01T00:00:00,9999-12-31T00:00:00,descriptive_state_level_label,CODENVERA,1,0,https://s3-us-west-2.amazonaws.com/tax-form-catalog-prd-us-west-2-data/tax-form-catalog/png/99f24ec8-162b-4f43-88e9-e8a669fbb96c.png,,CO,38,likely_state_or_province_level,PRODUCTION,USCODENVERA,CO Denver Annual
US,False,Denver Monthly Sales/Use Tax Return (Outlets),2025-01-01T00:00:00,9999-12-31T00:00:00,descriptive_state_level_label,CODENVERCONSOLIDATEDM,1,0,https://s3-us-west-2.amazonaws.com/tax-form-catalog-prd-us-west-2-data/tax-form-catalog/png/61db8313-1f8c-4b37-bc5b-e11c881dc1b6.png,,CO,19,likely_state_or_province_level,PRODUCTION,USCODENVERCONSOLIDATEDM,CO Denver Outlets Monthly
US,False,Denver Quarterly Sales/Use Tax Return (Outlets),2025-01-01T00:00:00,9999-12-31T00:00:00,descriptive_state_level_label,CODENVERCONSOLIDATEDQ,1,0,https://s3-us-west-2.amazonaws.com/tax-form-catalog-prd-us-west-2-data/tax-form-catalog/png/692b1929-e9f8-42c6-944d-711896202216.png,,CO,24,likely_state_or_province_level,PRODUCTION,USCODENVERCONSOLIDATEDQ,CO Denver Outlets Quarterly
US,False,Denver Annual Consumers Use Tax Return,2025-01-01T00:00:00,9999-12-31T00:00:00,descriptive_state_level_label,CODENVERCUA,1,0,https://s3-us-west-2.amazonaws.com/tax-form-catalog-prd-us-west-2-data/tax-form-catalog/png/6c0d0605-2a81-416f-b7f5-bf5b57d08fe0.png,,CO,16,likely_state_or_province_level,PRODUCTION,USCODENVERCUA,CO Denver Consumer Use Annual
US,False,Denver Monthly Consumers Use Tax Return,2025-01-01T00:00:00,9999-12-31T00:00:00,descriptive_state_level_label,CODENVERCUM,1,0,https://s3-us-west-2.amazonaws.com/tax-form-catalog-prd-us-west-2-data/tax-form-catalog/png/34d968b5-277e-4977-861c-9e47950fe60f.png,,CO,16,likely_state_or_province_level,PRODUCTION,USCODENVERCUM,CO Denver Consumer Use Monthly
US,False,Denver Quarterly Consumers Use Tax Return,2025-01-01T00:00:00,9999-12-31T00:00:00,descriptive_state_level_label,CODENVERCUQ,1,0,https://s3-us-west-2.amazonaws.com/tax-form-catalog-prd-us-west-2-data/tax-form-catalog/png/2cf42cda-6d38-4b8f-9804-8175c1e88bc3.png,,CO,12,likely_state_or_province_level,PRODUCTION,USCODENVERCUQ,CO Denver Consumer Use Quarterly
US,False,Denver Quarterly Sales/Use Tax Return,2025-01-01T00:00:00,9999-12-31T00:00:00,descriptive_state_level_label,CODENVERQ,1,0,https://s3-us-west-2.amazonaws.com/tax-form-catalog-prd-us-west-2-data/tax-form-catalog/png/59eb2b6d-89bc-45a3-aefc-c944c6793e4c.png,,CO,31,likely_state_or_province_level,PRODUCTION,USCODENVERQ,CO Denver Quarterly
US,False,Colorado Retail Sales Tax Return,2026-01-01T00:00:00,9999-12-31T00:00:00,likely_official_or_near_official,CODR0100,1,0,https://s3-us-west-2.amazonaws.com/tax-form-catalog-prd-us-west-2-data/tax-form-catalog/png/b2b45744-6a43-4983-a3f1-5a8576b57fd0.png,,CO,140,likely_state_or_province_level,PRODUCTION,USCODR0100,CO DR0100
US,False,Colorado Retail Sales Tax Return for Outlets,2016-01-01T00:00:00,9999-12-31T00:00:00,likely_official_or_near_official,CODR0100CS,1,0,https://s3-us-west-2.amazonaws.com/tax-form-catalog-prd-us-west-2-data/tax-form-catalog/png/78525aa0-3360-4c0b-9e49-22e38b92d349.png,,CO,343,likely_state_or_province_level,PRODUCTION,USCODR0100CS,CO DR 0100 for Outlets
US,False,Retailer's Use Tax Return,2026-01-01T00:00:00,9999-12-31T00:00:00,likely_official_or_near_official,CODR0173,1,0,https://s3-us-west-2.amazonaws.com/tax-form-catalog-prd-us-west-2-data/tax-form-catalog/png/2a7e8367-9b12-43a3-89cc-fd54e1a0c43d.png,,CO,94,likely_state_or_province_level,PRODUCTION,USCODR0173,CO DR 0173
US,False,Consumer Use Tax Return,2025-01-01T00:00:00,9999-12-31T00:00:00,likely_official_or_near_official,CODR0252,1,0,https://s3-us-west-2.amazonaws.com/tax-form-catalog-prd-us-west-2-data/tax-form-catalog/png/fdfdf2ef-30c2-457d-976a-3f650ee8007f.png,,CO,42,likely_state_or_province_level,PRODUCTION,USCODR0252,CO DR 0252
US,False,Colorado Retail Fee Delivery Return,2025-07-01T00:00:00,9999-12-31T00:00:00,likely_official_or_near_official,CODR1786,1,0,https://s3-us-west-2.amazonaws.com/tax-form-catalog-prd-us-west-2-data/tax-form-catalog/png/44ce03b7-9741-4634-8ac8-384e46fee4fc.png,,CO,20,likely_state_or_province_level,PRODUCTION,USCODR1786,CO DR 1786
US,False,Sales/Use Tax Return,2025-03-01T00:00:00,9999-12-31T00:00:00,descriptive_state_level_label,CODURANGO,1,0,https://s3-us-west-2.amazonaws.com/tax-form-catalog-prd-us-west-2-data/tax-form-catalog/png/14c9c77a-99a9-47ff-abdd-86e95f644957.png,,CO,61,likely_state_or_province_level,PRODUCTION,USCODURANGO,CO Durango
US,False,Sales Tax Return,2022-05-01T00:00:00,2023-12-31T00:00:00,descriptive_state_level_label,COEDGEWATER,1,0,https://s3-us-west-2.amazonaws.com/tax-form-catalog-prd-us-west-2-data/tax-form-catalog/png/301a8270-21e1-479c-980b-e24a430980c4.png,,CO,26,likely_state_or_province_level,PRODUCTION,USCOEDGEWATER,CO Edgewater
US,False,Public Improvement Fee Schedule,2011-12-01T00:00:00,9999-12-31T00:00:00,descriptive_or_internal_label,COELKVALLEYPIF,1,0,https://s3-us-west-2.amazonaws.com/tax-form-catalog-prd-us-west-2-data/tax-form-catalog/png/f7f6f74e-88cc-4773-88f0-745816f8ad9a.png,,CO,10,likely_state_or_province_level,PRODUCTION,USCOELKVALLEYPIF,CO Elk Valley Public Improvement Corporation
US,False,Sales Tax Return,2023-01-01T00:00:00,9999-12-31T00:00:00,descriptive_state_level_label,COENGLEWOOD,1,0,https://s3-us-west-2.amazonaws.com/tax-form-catalog-prd-us-west-2-data/tax-form-catalog/png/08360074-40d7-4794-a1dc-6a5014204afa.png,,CO,22,likely_state_or_province_level,PRODUCTION,USCOENGLEWOOD,CO Englewood
US,False,Sales and Use Tax Return,2026-01-01T00:00:00,9999-12-31T00:00:00,descriptive_state_level_label,COEVANS,1,0,https://s3-us-west-2.amazonaws.com/tax-form-catalog-prd-us-west-2-data/tax-form-catalog/png/99f21c45-2e88-40a4-9340-6aaa052bcff3.png,,CO,31,likely_state_or_province_level,PRODUCTION,USCOEVANS,CO Evans
US,False,Sales Tax Return,2020-08-01T00:00:00,9999-12-31T00:00:00,descriptive_state_level_label,COFEDERALHEIGHTS,1,0,https://s3-us-west-2.amazonaws.com/tax-form-catalog-prd-us-west-2-data/tax-form-catalog/png/cbd3c773-f0e2-4bf1-8b54-04b44fcb3714.png,,CO,16,likely_state_or_province_level,PRODUCTION,USCOFEDERALHEIGHTS,CO Federal Heights
US,False,Colorado First Main PIF,2013-12-01T00:00:00,9999-12-31T00:00:00,descriptive_or_internal_label,COFIRSTMAINBID2PIF,1,0,https://s3-us-west-2.amazonaws.com/tax-form-catalog-prd-us-west-2-data/tax-form-catalog/png/7d1624ab-0008-4fdc-b1de-9d03474edd71.png,,CO,1,likely_state_or_province_level,PRODUCTION,USCOFIRSTMAINBID2PIF,COFIRSTMAINBID2PIF
US,False,Foothills Metropolitan District Public Improvement Fee Return,2016-10-01T00:00:00,9999-12-31T00:00:00,descriptive_state_level_label,USCOFOOTHILLSPIF,1,0,https://s3-us-west-2.amazonaws.com/tax-form-catalog-prd-us-west-2-data/tax-form-catalog/png/acd22cd8-ea46-4fdc-ab86-a9bea61f7b3d.png,,CO,2,likely_state_or_province_level,PRODUCTION,USCOFOOTHILLSPIF,CO FOOTHILLS PIF
US,False,Sales/Use Tax Return,2024-01-01T00:00:00,9999-12-31T00:00:00,descriptive_state_level_label,COFORTCOLLINS,1,0,https://s3-us-west-2.amazonaws.com/tax-form-catalog-prd-us-west-2-data/tax-form-catalog/png/3b20ef5e-3a64-4712-8d60-255892b3fe7b.png,,CO,35,likely_state_or_province_level,PRODUCTION,USCOFORTCOLLINS,CO Fort Collins
US,False,Schedule A - Certification / Sales / Computation of Tax,2025-01-01T00:00:00,9999-12-31T00:00:00,descriptive_state_level_label,COFRISCO,1,0,https://s3-us-west-2.amazonaws.com/tax-form-catalog-prd-us-west-2-data/tax-form-catalog/png/a2d1f85a-572e-44a2-bbe5-241e1ba6caea.png,,CO,51,likely_state_or_province_level,PRODUCTION,USCOFRISCO,CO Frisco
US,False,Public Improvement Fee Schedule,2012-02-01T00:00:00,9999-12-31T00:00:00,descriptive_or_internal_label,COFRONTRANGEPIF,1,0,https://s3-us-west-2.amazonaws.com/tax-form-catalog-prd-us-west-2-data/tax-form-catalog/png/12e2b403-e63c-4bfd-911c-7979fe129dd5.png,,CO,4,likely_state_or_province_level,PRODUCTION,USCOFRONTRANGEPIF,CO Front Range Retail Company
US,False,Sales/Use Tax Return,2013-08-01T00:00:00,9999-12-31T00:00:00,descriptive_state_level_label,COGLENDALE,1,0,https://s3-us-west-2.amazonaws.com/tax-form-catalog-prd-us-west-2-data/tax-form-catalog/png/38d630cc-672a-4b9b-93ae-acd731567c15.png,,CO,28,likely_state_or_province_level,PRODUCTION,USCOGLENDALE,CO Glendale
US,False,Glenwood Springs Tax Return,2014-01-01T00:00:00,9999-12-31T00:00:00,descriptive_state_level_label,COGLENWOODSPRINGS,1,0,https://s3-us-west-2.amazonaws.com/tax-form-catalog-prd-us-west-2-data/tax-form-catalog/png/94f6bfb8-f34a-46b9-974c-97211a072d51.png,,CO,29,likely_state_or_province_level,PRODUCTION,USCOGLENWOODSPRINGS,CO Glenwood Springs
US,False,Sales/Use Tax Return,2016-03-01T00:00:00,9999-12-31T00:00:00,descriptive_state_level_label,COGOLDEN,1,0,https://s3-us-west-2.amazonaws.com/tax-form-catalog-prd-us-west-2-data/tax-form-catalog/png/19f047c3-529c-4e8c-ace0-e56fe376cca5.png,,CO,23,likely_state_or_province_level,PRODUCTION,USCOGOLDEN,CO Golden
US,False,Sales/Use Tax Return,2026-01-01T00:00:00,9999-12-31T00:00:00,descriptive_state_level_label,COGRANDJUNCTION,1,0,https://s3-us-west-2.amazonaws.com/tax-form-catalog-prd-us-west-2-data/tax-form-catalog/png/3b5f9ae0-1a84-4803-a81d-2388be624e28.png,,CO,53,likely_state_or_province_level,PRODUCTION,USCOGRANDJUNCTION,CO Grand Junction
US,False,Sales/Use Tax Return,2016-01-01T00:00:00,9999-12-31T00:00:00,descriptive_state_level_label,COGREELEY,1,0,https://s3-us-west-2.amazonaws.com/tax-form-catalog-prd-us-west-2-data/tax-form-catalog/png/6518a564-5650-4c71-a54e-96dd6fc18074.png,,CO,28,likely_state_or_province_level,PRODUCTION,USCOGREELEY,CO Greeley
US,False,Sale Tax Return,2016-02-01T00:00:00,9999-12-31T00:00:00,descriptive_state_level_label,COGUNNISON,1,0,https://s3-us-west-2.amazonaws.com/tax-form-catalog-prd-us-west-2-data/tax-form-catalog/png/19b039ac-6c4c-423e-8834-3890818c8744.png,,CO,20,likely_state_or_province_level,PRODUCTION,USCOGUNNISON,CO Gunnison
US,False,Town of Gypsum Sales Tax Return,2018-12-01T00:00:00,9999-12-31T00:00:00,descriptive_state_level_label,COGYPSUM,1,0,https://s3-us-west-2.amazonaws.com/tax-form-catalog-prd-us-west-2-data/tax-form-catalog/png/71bf21d8-47d5-45aa-bb81-c4e9aa700218.png,,CO,22,likely_state_or_province_level,PRODUCTION,USCOGYPSUM,CO Gypsum
US,False,Sales/Use Tax Return,2025-01-01T00:00:00,9999-12-31T00:00:00,descriptive_state_level_label,COLAFAYETTE,1,0,https://s3-us-west-2.amazonaws.com/tax-form-catalog-prd-us-west-2-data/tax-form-catalog/png/dab5194f-a636-4f99-97b3-6a9c5d0508e3.png,,CO,31,likely_state_or_province_level,PRODUCTION,USCOLAFAYETTE,CO Lafayette
US,False,Sales/Use Tax Return,2023-05-01T00:00:00,9999-12-31T00:00:00,descriptive_state_level_label,COLAJUNTA,1,0,https://s3-us-west-2.amazonaws.com/tax-form-catalog-prd-us-west-2-data/tax-form-catalog/png/cffeee24-88c7-433e-9675-65f60ab53567.png,,CO,17,likely_state_or_province_level,PRODUCTION,USCOLAJUNTA,CO La Junta
US,False,Sales and Use Tax Return,2020-01-01T00:00:00,9999-12-31T00:00:00,descriptive_state_level_label,COLAKEWOOD,1,0,https://s3-us-west-2.amazonaws.com/tax-form-catalog-prd-us-west-2-data/tax-form-catalog/png/89ee89d2-24e1-4215-b656-ad3dc3c9aa45.png,,CO,40,likely_state_or_province_level,PRODUCTION,USCOLAKEWOOD,CO Lakewood
US,False,Sales and Use Tax Return - Colorado Mills and Creekside,2012-06-01T00:00:00,2020-12-31T00:00:00,descriptive_state_level_label,COLAKEWOODMILLSCREEKSIDE,1,0,https://s3-us-west-2.amazonaws.com/tax-form-catalog-prd-us-west-2-data/tax-form-catalog/png/8ee78a70-b231-4e6a-b345-da235948f5bb.png,,CO,6,likely_state_or_province_level,PRODUCTION,USCOLAKEWOODMILLSCREEKSIDE,CO Lakewood Mills and Creekside
US,False,Sales/Use Tax Return,2020-01-01T00:00:00,9999-12-31T00:00:00,descriptive_state_level_label,COLAMAR,1,0,https://s3-us-west-2.amazonaws.com/tax-form-catalog-prd-us-west-2-data/tax-form-catalog/png/5a0eb307-6814-43eb-8a48-a94da561cbf2.png,,CO,36,likely_state_or_province_level,PRODUCTION,USCOLAMAR,CO Lamar
US,False,Sales Tax Return,2009-05-01T00:00:00,2021-12-31T00:00:00,descriptive_state_level_label,COLARKSPUR,1,0,https://s3-us-west-2.amazonaws.com/tax-form-catalog-prd-us-west-2-data/tax-form-catalog/png/eac80dfb-f2b4-4d99-b92b-fdac57a14444.png,,CO,6,likely_state_or_province_level,PRODUCTION,USCOLARKSPUR,CO Larkspur
US,False,Sales/Use Tax Return,2023-01-01T00:00:00,9999-12-31T00:00:00,descriptive_state_level_label,COLITTLETON,1,0,https://s3-us-west-2.amazonaws.com/tax-form-catalog-prd-us-west-2-data/tax-form-catalog/png/7b05a9ce-b2cd-4710-88c5-3cb611fde253.png,,CO,42,likely_state_or_province_level,PRODUCTION,USCOLITTLETON,CO Littleton
US,False,Sales/Use Tax Return,2023-12-01T00:00:00,9999-12-31T00:00:00,descriptive_state_level_label,COLONETREE,1,0,https://s3-us-west-2.amazonaws.com/tax-form-catalog-prd-us-west-2-data/tax-form-catalog/png/a887e84d-1443-4f42-8dcc-738fb57d39e1.png,,CO,35,likely_state_or_province_level,PRODUCTION,USCOLONETREE,CO Lone Tree
US,False,Sales/Use Tax Return,2019-08-01T00:00:00,9999-12-31T00:00:00,descriptive_state_level_label,COLONGMONT,1,0,https://s3-us-west-2.amazonaws.com/tax-form-catalog-prd-us-west-2-data/tax-form-catalog/png/caf09d55-8747-4eb4-90eb-7a0274efdb78.png,,CO,57,likely_state_or_province_level,PRODUCTION,USCOLONGMONT,CO Longmont
US,False,City of Lousiville sales Tax Return,2025-11-01T00:00:00,9999-12-31T00:00:00,descriptive_state_level_label,COLOUISVILLE,1,0,https://s3-us-west-2.amazonaws.com/tax-form-catalog-prd-us-west-2-data/tax-form-catalog/png/6d2f4f38-8821-43ea-9857-46ead29caded.png,,CO,35,likely_state_or_province_level,PRODUCTION,USCOLOUISVILLE,CO Louisville
US,False,Sales Tax Return,2025-10-01T00:00:00,9999-12-31T00:00:00,descriptive_state_level_label,COLOVELAND,1,0,https://s3-us-west-2.amazonaws.com/tax-form-catalog-prd-us-west-2-data/tax-form-catalog/png/a9370182-3128-46c2-908d-9ecd44580c89.png,,CO,47,likely_state_or_province_level,PRODUCTION,USCOLOVELAND,CO Loveland
US,False,Sales Tax Return,1900-01-01T00:00:00,9999-12-31T00:00:00,descriptive_state_level_label,COLOVELANDCENTERRA,1,0,https://s3-us-west-2.amazonaws.com/tax-form-catalog-prd-us-west-2-data/tax-form-catalog/png/59e5abab-d6d6-4b6d-9b14-11f77c7b7237.png,,CO,6,likely_state_or_province_level,PRODUCTION,USCOLOVELANDCENTERRA,CO Loveland Centerra
US,False,Sales/Use Tax Return,2020-01-01T00:00:00,9999-12-31T00:00:00,descriptive_state_level_label,COMONTROSE,1,0,https://s3-us-west-2.amazonaws.com/tax-form-catalog-prd-us-west-2-data/tax-form-catalog/png/66050da8-ef91-4200-ace0-e6d8ab768da9.png,,CO,43,likely_state_or_province_level,PRODUCTION,USCOMONTROSE,CO Montrose
US,False,Sales/Use Tax Return,2026-01-01T00:00:00,9999-12-31T00:00:00,descriptive_state_level_label,COMONUMENT,1,0,https://s3-us-west-2.amazonaws.com/tax-form-catalog-prd-us-west-2-data/tax-form-catalog/png/e61f155f-136e-4d8a-b971-1acea6ce05af.png,,CO,9,likely_state_or_province_level,PRODUCTION,USCOMONUMENT,CO Monument
US,False,Sales/Use Tax Return,2025-01-01T00:00:00,9999-12-31T00:00:00,descriptive_state_level_label,COMOUNTCRESTEDBUTTE,1,0,https://s3-us-west-2.amazonaws.com/tax-form-catalog-prd-us-west-2-data/tax-form-catalog/png/4874f98e-5f5f-4101-a5ac-cbc7ac6fee80.png,,CO,45,likely_state_or_province_level,PRODUCTION,USCOMOUNTCRESTEDBUTTE,CO Mount Crested Butte
US,False,Sales/Use Tax Return,2020-12-01T00:00:00,9999-12-31T00:00:00,descriptive_state_level_label,CONORTHGLENN,1,0,https://s3-us-west-2.amazonaws.com/tax-form-catalog-prd-us-west-2-data/tax-form-catalog/png/a0602d83-efd5-4a7f-94e0-b2353cf23661.png,,CO,44,likely_state_or_province_level,PRODUCTION,USCONORTHGLENN,CO Northglenn
US,False,Sales Tax Return,2026-01-01T00:00:00,9999-12-31T00:00:00,descriptive_state_level_label,COPARKER,1,0,https://s3-us-west-2.amazonaws.com/tax-form-catalog-prd-us-west-2-data/tax-form-catalog/png/bcbcf444-af93-4c37-af74-dd43594cd65f.png,,CO,52,likely_state_or_province_level,PRODUCTION,USCOPARKER,CO Parker
US,False,Public Improvement Fee Schedule,2011-12-01T00:00:00,9999-12-31T00:00:00,descriptive_or_internal_label,COPLAZAMETROPIF,1,0,https://s3-us-west-2.amazonaws.com/tax-form-catalog-prd-us-west-2-data/tax-form-catalog/png/0052a537-f0f0-4253-adf0-341f08457d82.png,,CO,3,likely_state_or_province_level,PRODUCTION,USCOPLAZAMETROPIF,CO Plaza Metropolitan District No 1
US,False,Sales/Use Tax Return,2024-02-01T00:00:00,9999-12-31T00:00:00,descriptive_state_level_label,COPUEBLO,1,0,https://s3-us-west-2.amazonaws.com/tax-form-catalog-prd-us-west-2-data/tax-form-catalog/png/e4045427-ee39-47a4-83a6-9d5f14f16c77.png,,CO,43,likely_state_or_province_level,PRODUCTION,USCOPUEBLO,CO Pueblo
US,False,Sales Tax Return,1900-01-01T00:00:00,9999-12-31T00:00:00,descriptive_state_level_label,CORIDGWAY,1,0,https://s3-us-west-2.amazonaws.com/tax-form-catalog-prd-us-west-2-data/tax-form-catalog/png/7a09562a-4c65-4a84-842c-1d9e753d0562.png,,CO,19,likely_state_or_province_level,PRODUCTION,USCORIDGWAY,CO Ridgway
US,False,Sales/Use Tax Return,2013-07-01T00:00:00,9999-12-31T00:00:00,descriptive_state_level_label,CORIFLE,1,0,https://s3-us-west-2.amazonaws.com/tax-form-catalog-prd-us-west-2-data/tax-form-catalog/png/8f0b19f2-3e46-49af-873f-5b2b7c0b40f4.png,,CO,32,likely_state_or_province_level,PRODUCTION,USCORIFLE,CO Rifle
US,False,Colorado Sales/Use Tax Return,2016-07-01T00:00:00,9999-12-31T00:00:00,descriptive_state_level_label,COSHERIDAN,1,0,https://s3-us-west-2.amazonaws.com/tax-form-catalog-prd-us-west-2-data/tax-form-catalog/png/a6483b53-d89b-4088-b7a7-392b7b87ebc9.png,,CO,25,likely_state_or_province_level,PRODUCTION,USCOSHERIDAN,CO Sheridan
US,False,Sales Tax Return,2024-06-01T00:00:00,9999-12-31T00:00:00,descriptive_state_level_label,COSILVERTHORNE,1,0,https://s3-us-west-2.amazonaws.com/tax-form-catalog-prd-us-west-2-data/tax-form-catalog/png/edfdb1bd-5d0f-4f6f-b5ee-6f01728f9565.png,,CO,46,likely_state_or_province_level,PRODUCTION,USCOSILVERTHORNE,CO Silverthorne
US,False,Sales Tax Return,2025-06-01T00:00:00,9999-12-31T00:00:00,descriptive_state_level_label,COSTEAMBOATSPRINGS,1,0,https://s3-us-west-2.amazonaws.com/tax-form-catalog-prd-us-west-2-data/tax-form-catalog/png/de5ff152-e0a9-443b-bb13-af93b0bfd20d.png,,CO,40,likely_state_or_province_level,PRODUCTION,USCOSTEAMBOATSPRINGS,CO Steamboat Springs
US,False,Sales/Use Tax Return,2013-01-01T00:00:00,9999-12-31T00:00:00,descriptive_state_level_label,COSTERLING,1,0,https://s3-us-west-2.amazonaws.com/tax-form-catalog-prd-us-west-2-data/tax-form-catalog/png/518d061c-e96f-4fc6-a4f0-b99f40a18acd.png,,CO,11,likely_state_or_province_level,PRODUCTION,USCOSTERLING,CO Sterling
US,False,Sales Tax Return,2019-10-01T00:00:00,9999-12-31T00:00:00,descriptive_state_level_label,COTELLURIDE,1,0,https://s3-us-west-2.amazonaws.com/tax-form-catalog-prd-us-west-2-data/tax-form-catalog/png/50dbaa7d-6c21-45da-8ad1-caa26507fc88.png,,CO,15,likely_state_or_province_level,PRODUCTION,USCOTELLURIDE,CO Telluride
US,False,Sales/Use Tax Return,2025-02-01T00:00:00,9999-12-31T00:00:00,descriptive_state_level_label,COTHORNTON,1,0,https://s3-us-west-2.amazonaws.com/tax-form-catalog-prd-us-west-2-data/tax-form-catalog/png/c049af1f-077c-48bb-bdaf-364a00107c25.png,,CO,19,likely_state_or_province_level,PRODUCTION,USCOTHORNTON,CO Thornton
US,False,Town of Timnath Sales Tax Return,2026-01-01T00:00:00,9999-12-31T00:00:00,descriptive_state_level_label,COTIMNATH,1,0,https://s3-us-west-2.amazonaws.com/tax-form-catalog-prd-us-west-2-data/tax-form-catalog/png/35918789-7c15-49fd-a225-c4fe078ed17f.png,,CO,21,likely_state_or_province_level,PRODUCTION,USCOTIMNATH,CO Timnath
US,False,Sales Tax Return,2022-01-01T00:00:00,9999-12-31T00:00:00,descriptive_state_level_label,COVAIL,1,0,https://s3-us-west-2.amazonaws.com/tax-form-catalog-prd-us-west-2-data/tax-form-catalog/png/f0a7c27b-81cf-43e6-8468-664abdea4528.png,,CO,28,likely_state_or_province_level,PRODUCTION,USCOVAIL,CO Vail
US,False,Sales/Use Tax Return,2026-01-01T00:00:00,9999-12-31T00:00:00,descriptive_state_level_label,COWESTMINSTER,1,0,https://s3-us-west-2.amazonaws.com/tax-form-catalog-prd-us-west-2-data/tax-form-catalog/png/74bf1003-1deb-40a3-8d1c-349057b93560.png,,CO,39,likely_state_or_province_level,PRODUCTION,USCOWESTMINSTER,CO Westminster
US,False,Sales/Use Tax Return,2025-04-01T00:00:00,9999-12-31T00:00:00,descriptive_state_level_label,COWHEATRIDGE,1,0,https://s3-us-west-2.amazonaws.com/tax-form-catalog-prd-us-west-2-data/tax-form-catalog/png/be6848c6-b1d2-449f-bd65-903f6642333a.png,,CO,32,likely_state_or_province_level,PRODUCTION,USCOWHEATRIDGE,CO Wheat Ridge
US,False,Sales Tax Return,2023-01-01T00:00:00,9999-12-31T00:00:00,descriptive_state_level_label,COWINDSOR,1,0,https://s3-us-west-2.amazonaws.com/tax-form-catalog-prd-us-west-2-data/tax-form-catalog/png/6aeaa5ac-b1f0-4ce9-abf1-b80d4eb77dee.png,,CO,31,likely_state_or_province_level,PRODUCTION,USCOWINDSOR,CO Windsor
US,False,Sales Tax Return,2023-01-01T00:00:00,9999-12-31T00:00:00,descriptive_state_level_label,COWINTERPARK,1,0,https://s3-us-west-2.amazonaws.com/tax-form-catalog-prd-us-west-2-data/tax-form-catalog/png/0a24ba8b-333c-4dd5-90c0-e3b40a874dd5.png,,CO,40,likely_state_or_province_level,PRODUCTION,USCOWINTERPARK,CO Winter Park
US,False,Sales/Use Tax Return,2026-01-01T00:00:00,9999-12-31T00:00:00,descriptive_state_level_label,COWOODLANDPARK,1,0,https://s3-us-west-2.amazonaws.com/tax-form-catalog-prd-us-west-2-data/tax-form-catalog/png/39fb94b5-5919-4e00-b881-0b4e74b99458.png,,CO,38,likely_state_or_province_level,PRODUCTION,USCOWOODLANDPARK,CO Woodland Park
US,False,Disaggregated Sales Tax Report,2016-09-01T00:00:00,9999-12-31T00:00:00,descriptive_state_level_label,CTDISAGGREATED,1,0,https://s3-us-west-2.amazonaws.com/tax-form-catalog-prd-us-west-2-data/tax-form-catalog/png/76304dcf-60bd-48ad-a312-c653a6aa37fa.png,,CT,2,likely_state_or_province_level,PRODUCTION,USCTDISAGGREGATED,CT Disaggregated Sales Tax Report
US,False,The Mashantucket (western) pequot tribal nation,2023-08-01T00:00:00,9999-12-31T00:00:00,descriptive_or_internal_label,CTMASHANTUCKET,1,0,https://s3-us-west-2.amazonaws.com/tax-form-catalog-prd-us-west-2-data/tax-form-catalog/png/fad5a226-7626-4880-adf1-65cb19172cfa.png,,CT,6,likely_state_or_province_level,PRODUCTION,USCTMASHANTUCKET,The Mashantucket (western) pequot tribal nation Tax return
US,False,Sales and Use Tax Return,2022-02-01T00:00:00,9999-12-31T00:00:00,likely_official_or_near_official,CTOS114,1,0,https://s3-us-west-2.amazonaws.com/tax-form-catalog-prd-us-west-2-data/tax-form-catalog/png/fee48fc6-f910-40c9-a287-2570bd3ed1d0.png,,CT,100,likely_state_or_province_level,PRODUCTION,USCTOS114,CT OS 114
US,False,Sales and Use Tax Return,2025-10-01T00:00:00,9999-12-31T00:00:00,likely_official_or_near_official,DCFR800,1,0,https://s3-us-west-2.amazonaws.com/tax-form-catalog-prd-us-west-2-data/tax-form-catalog/png/92d54753-864f-4d47-91a0-4ee620c1ab95.png,,DC,37,likely_state_or_province_level,PRODUCTION,USDCFR800,DC FR 800
US,False,Sales and Use Tax Annual Return,2020-01-01T00:00:00,2022-10-31T00:00:00,likely_official_or_near_official,DCFR800A,1,0,https://s3-us-west-2.amazonaws.com/tax-form-catalog-prd-us-west-2-data/tax-form-catalog/png/8acb7962-96ad-4680-a8d6-ee5572df25d5.png,,DC,34,likely_state_or_province_level,PRODUCTION,USDCFR800A,DC FR 800A
US,False,Sales and Use Tax Monthly Return,2019-10-01T00:00:00,2022-10-31T00:00:00,likely_official_or_near_official,DCFR800M,1,0,https://s3-us-west-2.amazonaws.com/tax-form-catalog-prd-us-west-2-data/tax-form-catalog/png/04795bee-2641-4522-b7a4-97f1ce1da678.png,,DC,40,likely_state_or_province_level,PRODUCTION,USDCFR800M,DC FR 800M
US,False,Sales and Use Tax Quarterly Return,2019-10-01T00:00:00,2022-10-31T00:00:00,likely_official_or_near_official,DCFR800Q,1,0,https://s3-us-west-2.amazonaws.com/tax-form-catalog-prd-us-west-2-data/tax-form-catalog/png/fc728aae-7075-43b5-8d7c-46db22cbca5d.png,,DC,31,likely_state_or_province_level,PRODUCTION,USDCFR800Q,DC FR 800Q
US,False,Monthly Gross Receipts Tax Return,2016-10-01T00:00:00,9999-12-31T00:00:00,likely_official_or_near_official,DELM29501,1,0,https://s3-us-west-2.amazonaws.com/tax-form-catalog-prd-us-west-2-data/tax-form-catalog/png/9d246627-ddf9-409c-a55c-f09f2aed4aed.png,,DE,16,likely_state_or_province_level,PRODUCTION,USDELM29501,DE LM2  9501
US,False,Quarterly Gross Receipts Tax Return,2016-10-01T00:00:00,9999-12-31T00:00:00,likely_official_or_near_official,DELQ29501,1,0,https://s3-us-west-2.amazonaws.com/tax-form-catalog-prd-us-west-2-data/tax-form-catalog/png/e82b78f5-7ee1-44c2-adbc-5d86385a4c73.png,,DE,15,likely_state_or_province_level,PRODUCTION,USDELQ29501,DE LQ2 9501
US,False,Division of Revenue Contractors Gross Receipts Tax Return- Quarterly,2016-10-01T00:00:00,9999-12-31T00:00:00,likely_official_or_near_official,DELQ39501Q,1,0,https://s3-us-west-2.amazonaws.com/tax-form-catalog-prd-us-west-2-data/tax-form-catalog/png/093056fe-d571-4399-949b-0d7eb04f65ac.png,,DE,9,likely_state_or_province_level,PRODUCTION,USDELQ39501Q,DE LQ3 9501Q
US,False,Gross Receipts Tax Return Form -  LQ7 0601 - MV 603 Lessor,1900-01-01T00:00:00,9999-12-31T00:00:00,likely_official_or_near_official,DELQ70601LESSOR,1,0,https://s3-us-west-2.amazonaws.com/tax-form-catalog-prd-us-west-2-data/tax-form-catalog/png/b14147c6-e9bb-4565-9174-1e0b9f46c482.png,,DE,9,likely_state_or_province_level,PRODUCTION,USDELQ70601LESSOR,DE LQ7 0601 LESSOR
US,False,Gross Receipts Tax Return Form LQ8 0601 - MV 613 Lessee,1900-01-01T00:00:00,9999-12-31T00:00:00,likely_official_or_near_official,DELQ80601LESSEE,1,0,https://s3-us-west-2.amazonaws.com/tax-form-catalog-prd-us-west-2-data/tax-form-catalog/png/38f0d727-b05b-40ce-b4ff-0f81196300ce.png,,DE,6,likely_state_or_province_level,PRODUCTION,USDELQ80601LESSEE,DE LQ8 0601 LESSEE
US,False,Sales and Use Tax Return,2026-01-01T00:00:00,9999-12-31T00:00:00,likely_official_or_near_official,FLDR15,2,0,https://s3-us-west-2.amazonaws.com/tax-form-catalog-prd-us-west-2-data/tax-form-catalog/png/6321fb2e-46f0-4e92-9b62-b20c0100377d.png,,FL,172,likely_state_or_province_level,PRODUCTION,USFLDR15,FL DR15
US,False,Sales and Use Tax Return for Outlet Reporting,2026-01-01T00:00:00,9999-12-31T00:00:00,descriptive_state_level_label,FLDR15CS,2,0,https://s3-us-west-2.amazonaws.com/tax-form-catalog-prd-us-west-2-data/tax-form-catalog/png/a957ad8e-4f6d-42bc-83dd-5f449dbe135a.png,,FL,202,likely_state_or_province_level,PRODUCTION,USFLDR15CS,FL DR15CS
US,False,Solid Waste and Surcharge Return,2018-06-01T00:00:00,9999-12-31T00:00:00,likely_official_or_near_official,FLDR15SW,1,0,https://s3-us-west-2.amazonaws.com/tax-form-catalog-prd-us-west-2-data/tax-form-catalog/png/a488cb52-90cf-42f2-896f-624876ad4111.png,,FL,4,likely_state_or_province_level,PRODUCTION,USFLDR15SW,FL DR15 SW
US,False,SST Electronic Return,1900-01-01T00:00:00,9999-12-31T00:00:00,descriptive_state_level_label,GASER,1,0,https://s3-us-west-2.amazonaws.com/tax-form-catalog-prd-us-west-2-data/tax-form-catalog/png/ff41e382-c720-445d-ba30-294429b4094a.png,,GA,157,likely_state_or_province_level,PRODUCTION,USGASER,GA SER
US,False,GA ST-3 Outlet,2022-10-01T00:00:00,9999-12-31T00:00:00,likely_official_or_near_official,GAST3OUTLET,1,0,https://s3-us-west-2.amazonaws.com/tax-form-catalog-prd-us-west-2-data/tax-form-catalog/png/72056c29-1c0d-49c7-adaa-ffd5a3bea1c6.png,,GA,116,likely_state_or_province_level,PRODUCTION,USGAST3OUTLET,GA ST3 Schedule for Outlets
US,False,Sales and Use Tax Return,2022-10-01T00:00:00,9999-12-31T00:00:00,likely_official_or_near_official,GAST3SALES,1,0,https://s3-us-west-2.amazonaws.com/tax-form-catalog-prd-us-west-2-data/tax-form-catalog/png/97e07412-3a4f-4424-8737-a94b515a524d.png,,GA,164,likely_state_or_province_level,PRODUCTION,USGAST3SALES,GA ST3 Sales
US,False,"Monthly Gross Receipts, Use, and Occupancy Tax Return",2025-11-01T00:00:00,9999-12-31T00:00:00,likely_official_or_near_official,GUGRT1,1,0,https://s3-us-west-2.amazonaws.com/tax-form-catalog-prd-us-west-2-data/tax-form-catalog/png/b9e936f0-afd8-4ab9-8fd9-d93b603016ac.png,,GU,17,likely_state_or_province_level,PRODUCTION,USGUGRT1,GU GRT 1
US,False,General Excise/Use Tax Return,2024-01-01T00:00:00,9999-12-31T00:00:00,likely_official_or_near_official,HIG45,1,0,https://s3-us-west-2.amazonaws.com/tax-form-catalog-prd-us-west-2-data/tax-form-catalog/png/ecd9c325-3327-4e02-8e48-25a63fa2306d.png,,HI,196,likely_state_or_province_level,PRODUCTION,USHIG45,HI G 45
US,False,General Excise/Use Tax Annual Return and Reconciliation,2024-01-01T00:00:00,9999-12-31T00:00:00,likely_official_or_near_official,HIG49,1,0,https://s3-us-west-2.amazonaws.com/tax-form-catalog-prd-us-west-2-data/tax-form-catalog/png/3df79e15-240b-4be5-b7be-71f8650daa01.png,,HI,127,likely_state_or_province_level,PRODUCTION,USHIG49,HI G 49
US,False,Sales Tax Quarterly/Annual Worksheet,2011-10-01T00:00:00,9999-12-31T00:00:00,likely_official_or_near_official,IA31003,1,0,https://s3-us-west-2.amazonaws.com/tax-form-catalog-prd-us-west-2-data/tax-form-catalog/png/3ee1f762-5631-490b-9757-1f9086e9ba93.png,,IA,7,likely_state_or_province_level,PRODUCTION,USIA31003,IA 31003
US,False,Iowa State Retailer's Use Tax Return for a Single Location,2022-02-01T00:00:00,9999-12-31T00:00:00,likely_official_or_near_official,IA32022,1,0,https://s3-us-west-2.amazonaws.com/tax-form-catalog-prd-us-west-2-data/tax-form-catalog/png/98364e9f-e148-44d8-bd39-81580a3dafd7.png,,IA,92,likely_state_or_province_level,PRODUCTION,USIA32022,IA 32022
US,False,Iowa State Sales/Retailer's Use Tax Return for Multiple Locations,2022-02-01T00:00:00,2022-06-30T00:00:00,likely_official_or_near_official,IA32022OUTLETS,1,0,https://s3-us-west-2.amazonaws.com/tax-form-catalog-prd-us-west-2-data/tax-form-catalog/png/3e7e14d4-dc3e-4e71-abe9-96955cb2047d.png,,IA,49,likely_state_or_province_level,PRODUCTION,USIA32022OUTLETS,IA 32022 for Outlets
US,False,Iowa Consumers Use Tax Return,2022-02-01T00:00:00,9999-12-31T00:00:00,likely_official_or_near_official,IA32024,1,0,https://s3-us-west-2.amazonaws.com/tax-form-catalog-prd-us-west-2-data/tax-form-catalog/png/051e44a8-074e-42ac-8357-6666e462b1e8.png,,IA,4,likely_state_or_province_level,PRODUCTION,USIA32024,IA 32 024
US,False,Iowa Sales and Use Tax Return,2025-08-01T00:00:00,9999-12-31T00:00:00,likely_official_or_near_official,IA32028,1,0,https://s3-us-west-2.amazonaws.com/tax-form-catalog-prd-us-west-2-data/tax-form-catalog/png/0b868b71-050e-470c-b624-8b052723aa1d.png,,IA,76,likely_state_or_province_level,PRODUCTION,USIA32028,IA 32028
US,False,Sales Tax - 1st Monthly Deposit,2016-10-01T00:00:00,2022-06-30T00:00:00,descriptive_state_level_label,IAFIRSTPREPAY,1,0,https://s3-us-west-2.amazonaws.com/tax-form-catalog-prd-us-west-2-data/tax-form-catalog/png/6fac270c-f7e2-4782-8334-dce267052689.png,,IA,1,likely_state_or_province_level,PRODUCTION,USIAFIRSTPREPAY,IA Sales 1st Deposit
US,False,Iowa State Retailer's Use Tax Monthly Deposit,2022-01-01T00:00:00,2022-06-30T00:00:00,descriptive_state_level_label,IAPREPAY,1,0,https://s3-us-west-2.amazonaws.com/tax-form-catalog-prd-us-west-2-data/tax-form-catalog/png/98c26330-012d-4810-8525-d658107bcab1.png,,IA,24,likely_state_or_province_level,PRODUCTION,USIAPREPAY,IA Monthly Return (Deposit)
US,False,Sales Tax - 2nd Monthly Deposit,2016-10-01T00:00:00,2022-06-30T00:00:00,descriptive_state_level_label,IASECONDPREPAY,1,0,https://s3-us-west-2.amazonaws.com/tax-form-catalog-prd-us-west-2-data/tax-form-catalog/png/069aeeab-4bb1-477b-a112-d2c6a1c7d6c5.png,,IA,1,likely_state_or_province_level,PRODUCTION,USIASECONDPREPAY,IA Sales 2nd Deposit
US,False,SST Electronic Return,1900-01-01T00:00:00,9999-12-31T00:00:00,descriptive_state_level_label,IASER,1,0,https://s3-us-west-2.amazonaws.com/tax-form-catalog-prd-us-west-2-data/tax-form-catalog/png/ff41e382-c720-445d-ba30-294429b4094a.png,,IA,157,likely_state_or_province_level,PRODUCTION,USIASER,IA SER
US,False,Iowa State Consumer's Use Tax Worksheet,2021-11-01T00:00:00,2022-06-30T00:00:00,descriptive_state_level_label,IAWORKSHEETCU,1,0,https://s3-us-west-2.amazonaws.com/tax-form-catalog-prd-us-west-2-data/tax-form-catalog/png/61417905-b32b-4211-ab57-e3e0cb9fbf01.png,,IA,28,likely_state_or_province_level,PRODUCTION,USIAWORKSHEETCU,IA Consumer Use Worksheet
US,False,Idaho Sales and Use Tax Return,2019-06-01T00:00:00,9999-12-31T00:00:00,likely_official_or_near_official,ID850,1,0,https://s3-us-west-2.amazonaws.com/tax-form-catalog-prd-us-west-2-data/tax-form-catalog/png/aea3d42f-836a-4380-b7a6-ac9fee1266f7.png,,ID,36,likely_state_or_province_level,PRODUCTION,USID850,ID 850
US,False,Local Option Tax Return,2019-06-01T00:00:00,9999-12-31T00:00:00,descriptive_state_level_label,IDDONNELLY,1,0,https://s3-us-west-2.amazonaws.com/tax-form-catalog-prd-us-west-2-data/tax-form-catalog/png/9b6b5c8d-ace4-4e26-b58e-2db4567d29e3.png,,ID,16,likely_state_or_province_level,PRODUCTION,USIDDONNELLY,ID Donnelly
US,False,Local Accommodation and Sales Tax Return,2022-11-01T00:00:00,9999-12-31T00:00:00,descriptive_state_level_label,IDDRIGGS,1,0,https://s3-us-west-2.amazonaws.com/tax-form-catalog-prd-us-west-2-data/tax-form-catalog/png/04c60773-5c0c-465b-9f5c-41b7898404c9.png,,ID,17,likely_state_or_province_level,PRODUCTION,USIDDRIGGS,ID Driggs
US,False,Municipal Non-Property Tax Return,2026-01-01T00:00:00,9999-12-31T00:00:00,descriptive_state_level_label,IDHAILEY,1,0,https://s3-us-west-2.amazonaws.com/tax-form-catalog-prd-us-west-2-data/tax-form-catalog/png/c9e6c031-caff-4ba3-b5fe-4173622acc20.png,,ID,9,likely_state_or_province_level,PRODUCTION,USIDHAILEY,ID Hailey
US,False,Harrison Local-Option Non-Property Tax Return,1900-01-01T00:00:00,9999-12-31T00:00:00,descriptive_state_level_label,IDHARRISON,1,0,https://s3-us-west-2.amazonaws.com/tax-form-catalog-prd-us-west-2-data/tax-form-catalog/png/2b4f3985-b619-4af7-a245-d43bad664e3a.png,,ID,4,likely_state_or_province_level,PRODUCTION,USIDHARRISON,ID Harrison
US,False,City of Ketchum - Non Property Tax,2025-07-01T00:00:00,9999-12-31T00:00:00,descriptive_state_level_label,IDKETCHUM,1,0,https://s3-us-west-2.amazonaws.com/tax-form-catalog-prd-us-west-2-data/tax-form-catalog/png/af98f9e3-3724-409e-a67f-5a4b0ba7591f.png,,ID,38,likely_state_or_province_level,PRODUCTION,USIDKETCHUM,ID Ketchum
US,False,Municipal Non-Property Sales (Option) Tax Form,1900-01-01T00:00:00,9999-12-31T00:00:00,descriptive_state_level_label,IDMACKAY,1,0,https://s3-us-west-2.amazonaws.com/tax-form-catalog-prd-us-west-2-data/tax-form-catalog/png/3fefdf64-3b5f-4661-a73c-5b55a9348723.png,,ID,7,likely_state_or_province_level,PRODUCTION,USIDMACKAY,ID Mackay
US,False,Local Option Tax Return,2019-06-01T00:00:00,9999-12-31T00:00:00,descriptive_state_level_label,IDMCCALL,1,0,https://s3-us-west-2.amazonaws.com/tax-form-catalog-prd-us-west-2-data/tax-form-catalog/png/0353ea60-3c32-4c94-bc2f-402cf563ead6.png,,ID,32,likely_state_or_province_level,PRODUCTION,USIDMCCALL,ID McCall
US,False,County Local Options Sales and Use Tax Return,2018-01-01T00:00:00,9999-12-31T00:00:00,descriptive_state_level_label,IDNEZPERCE,1,0,https://s3-us-west-2.amazonaws.com/tax-form-catalog-prd-us-west-2-data/tax-form-catalog/png/074f30fb-1b12-4a81-8c47-47447589c885.png,,ID,5,likely_state_or_province_level,PRODUCTION,USIDNEZPERCE,ID Nez Perce
US,False,Local Option Tax Return,2026-01-01T00:00:00,9999-12-31T00:00:00,descriptive_state_level_label,IDPONDERAY,1,0,https://s3-us-west-2.amazonaws.com/tax-form-catalog-prd-us-west-2-data/tax-form-catalog/png/a0568140-77c2-4889-abd2-f0215b64ea47.png,,ID,6,likely_state_or_province_level,PRODUCTION,USIDPONDERAY,ID PONDERAY
US,False,Local Option Tax Return,2019-06-01T00:00:00,2020-12-31T00:00:00,descriptive_state_level_label,IDSANDPOINT,1,0,https://s3-us-west-2.amazonaws.com/tax-form-catalog-prd-us-west-2-data/tax-form-catalog/png/98ffd89f-21aa-42f5-810b-5942fa41cad5.png,,ID,6,likely_state_or_province_level,PRODUCTION,USIDSANDPOINT,ID Sandpoint
US,False,Municipal Non-property Sales Tax Reporting Form,2025-04-01T00:00:00,9999-12-31T00:00:00,descriptive_state_level_label,IDSTANLEY,1,0,https://s3-us-west-2.amazonaws.com/tax-form-catalog-prd-us-west-2-data/tax-form-catalog/png/e73223f6-f9b4-4108-81eb-4f0b7ac9217b.png,,ID,12,likely_state_or_province_level,PRODUCTION,USIDSTANLEY,ID Stanley
US,False,Nonproperty Sales Tax (Lot) Local Option Tax,2019-06-01T00:00:00,9999-12-31T00:00:00,descriptive_state_level_label,IDSUNVALLEY,1,0,https://s3-us-west-2.amazonaws.com/tax-form-catalog-prd-us-west-2-data/tax-form-catalog/png/2901bdc1-c2e6-450b-a420-2d6664091a11.png,,ID,28,likely_state_or_province_level,PRODUCTION,USIDSUNVALLEY,ID Sun Valley
US,False,Sales Tax and Occupancy Tax Report,1900-01-01T00:00:00,9999-12-31T00:00:00,descriptive_state_level_label,IDSWANVALLEY,1,0,https://s3-us-west-2.amazonaws.com/tax-form-catalog-prd-us-west-2-data/tax-form-catalog/png/ad37ee72-3b09-45e0-8166-f0ca7295346b.png,,ID,2,likely_state_or_province_level,PRODUCTION,USIDSWANVALLEY,ID Swan Valley
US,False,Non-Property Sales Tax Return,2024-01-01T00:00:00,9999-12-31T00:00:00,descriptive_state_level_label,IDVICTOR,1,0,https://s3-us-west-2.amazonaws.com/tax-form-catalog-prd-us-west-2-data/tax-form-catalog/png/4506bcf0-e998-4de4-97aa-526f6a4e6691.png,,ID,29,likely_state_or_province_level,PRODUCTION,USIDVICTOR,ID Victor
US,False,Illinois Automobile Renting Occupation and Use Tax Return,2024-10-01T00:00:00,9999-12-31T00:00:00,likely_official_or_near_official,ILART1,1,0,https://s3-us-west-2.amazonaws.com/tax-form-catalog-prd-us-west-2-data/tax-form-catalog/png/7a9059e7-6783-4227-a423-c6fab76c0217.png,,IL,3,likely_state_or_province_level,PRODUCTION,USILART1,IL ART 1
US,False,Streaming Amusement Tax return,2026-01-01T00:00:00,9999-12-31T00:00:00,descriptive_state_level_label,USILCAMPTONHILLS,1,0,https://s3-us-west-2.amazonaws.com/tax-form-catalog-prd-us-west-2-data/tax-form-catalog/png/5766f41b-50f1-421d-ba55-1290d318fedc.png,,IL,0,likely_state_or_province_level,PRODUCTION,USILCAMPTONHILLS,IL Campton Streaming Amusement
US,False,Chicago Amusement Tax - 7510 - Annually,2025-01-01T00:00:00,9999-12-31T00:00:00,likely_normalized_form_label,ILCHICAGOAMUSEMENT,1,0,https://s3-us-west-2.amazonaws.com/tax-form-catalog-prd-us-west-2-data/tax-form-catalog/png/b663915b-1a35-45b2-8d2b-915acc99b66f.png,,IL,21,likely_state_or_province_level,PRODUCTION,USILCHICAGO7510,Chicago Amusement Tax 7510  Annually
US,False,Lease Rental Tax Return Annual Reconciliation,2024-07-01T00:00:00,9999-12-31T00:00:00,likely_official_or_near_official,ILCHICAGOLEASE,1,0,https://s3-us-west-2.amazonaws.com/tax-form-catalog-prd-us-west-2-data/tax-form-catalog/png/b4ca5b5c-2d84-4bf7-8ea1-588ed4fccdeb.png,,IL,51,likely_state_or_province_level,PRODUCTION,USILCHICAGO7550,IL Chicago 7550 (1)
US,False,Chicago Motor Vehicle Lessor Form 7575,2005-05-01T00:00:00,9999-12-31T00:00:00,likely_official_or_near_official,ILCHICAGO7575,1,0,https://s3-us-west-2.amazonaws.com/tax-form-catalog-prd-us-west-2-data/tax-form-catalog/png/717cccf8-caec-4c9e-845f-cce4702cc80e.png,,IL,3,likely_state_or_province_level,PRODUCTION,USILCHICAGO7575,IL CHICAGO 7575
US,False,City of Chicago NonTitled Personal Property Use Tax,2016-10-01T00:00:00,9999-12-31T00:00:00,likely_official_or_near_official,ILCHICAGO8402B,1,0,https://s3-us-west-2.amazonaws.com/tax-form-catalog-prd-us-west-2-data/tax-form-catalog/png/b734a90c-5a04-47a7-b908-cec75c8143ce.png,,IL,6,likely_state_or_province_level,PRODUCTION,USILCHICAGO8402B,IL Chicago 8402B
US,False,Monthly Deposit Tax Return,2016-10-01T00:00:00,9999-12-31T00:00:00,descriptive_state_level_label,ILCHICAGOPREPAY,1,0,https://s3-us-west-2.amazonaws.com/tax-form-catalog-prd-us-west-2-data/tax-form-catalog/png/c288c61b-04b8-4031-a365-4fb87eb4216d.png,,IL,18,likely_state_or_province_level,PRODUCTION,USILCHICAGOPREPAY,IL Chicago Monthly Deposit
US,False,Sales Tax - Week 1 Prepayment,1900-01-01T00:00:00,9999-12-31T00:00:00,descriptive_state_level_label,ILFIRSTPREPAY,1,0,https://s3-us-west-2.amazonaws.com/tax-form-catalog-prd-us-west-2-data/tax-form-catalog/png/095b8241-6c0a-4686-9c25-f18777355a2c.png,,IL,6,likely_state_or_province_level,PRODUCTION,USILFIRSTPREPAY,IL Sales 1st Prepay
US,False,Sales Tax - Week 4 Prepayment,1900-01-01T00:00:00,9999-12-31T00:00:00,descriptive_state_level_label,ILFOURTHPREPAY,1,0,https://s3-us-west-2.amazonaws.com/tax-form-catalog-prd-us-west-2-data/tax-form-catalog/png/b9738b5a-db38-4477-9868-afae62566ff4.png,,IL,6,likely_state_or_province_level,PRODUCTION,USILFOURTHPREPAY,IL Sales 4th Prepay
US,False,(2006) Nontitled Personal Ppty Use Retai,2016-10-01T00:00:00,9999-12-31T00:00:00,likely_official_or_near_official,USILCHICAGORET,1,0,https://s3-us-west-2.amazonaws.com/tax-form-catalog-prd-us-west-2-data/tax-form-catalog/png/9d75cf13-666f-4ee0-829c-b8eea7a5158c.png,,IL,6,likely_state_or_province_level,PRODUCTION,USILILCHICAGORET,IL Chicago 8403
US,False,Voluntary Disclosure Form for Sales and Use Tax and E911 Surcharge,2021-01-01T00:00:00,9999-12-31T00:00:00,likely_official_or_near_official,ILPRD6PRD7,1,0,https://s3-us-west-2.amazonaws.com/tax-form-catalog-prd-us-west-2-data/tax-form-catalog/png/065f52dc-a780-4caf-93c4-051789206a7a.png,,IL,21,likely_state_or_province_level,PRODUCTION,USILPRD6PRD7,IL PRD6 PRD7
US,False,Illinois Rent to Own Tax Return,2018-07-01T00:00:00,9999-12-31T00:00:00,descriptive_state_level_label,ILRENTTOOWN,1,0,https://s3-us-west-2.amazonaws.com/tax-form-catalog-prd-us-west-2-data/tax-form-catalog/png/9ee64a24-0334-4c52-8abd-3436b5abc89f.png,,IL,1,likely_state_or_province_level,PRODUCTION,USILRENTTOOWN,IL RENT TO OWN
US,False,Sales Tax - Week 2 Prepayment,1900-01-01T00:00:00,9999-12-31T00:00:00,descriptive_state_level_label,ILSECONDPREPAY,1,0,https://s3-us-west-2.amazonaws.com/tax-form-catalog-prd-us-west-2-data/tax-form-catalog/png/915f85ec-b6ba-42d2-a30e-62fd0e13a8fb.png,,IL,6,likely_state_or_province_level,PRODUCTION,USILSECONDPREPAY,IL Sales 2nd Prepay
US,False,Sales and Use Tax and E911 Surcharge Return,2026-01-01T00:00:00,9999-12-31T00:00:00,likely_official_or_near_official,ILST1,1,0,https://s3-us-west-2.amazonaws.com/tax-form-catalog-prd-us-west-2-data/tax-form-catalog/png/12b196c3-9930-4ad4-ab09-8b1a3da28516.png,,IL,373,likely_state_or_province_level,PRODUCTION,USILST1,IL ST1
US,False,Chicago Soft Drink Tax Return,2017-05-01T00:00:00,9999-12-31T00:00:00,descriptive_state_level_label,ILST14,1,0,https://s3-us-west-2.amazonaws.com/tax-form-catalog-prd-us-west-2-data/tax-form-catalog/png/f0e6d13e-4c53-40b6-a9c2-959d25a36c1d.png,,IL,1,likely_state_or_province_level,PRODUCTION,USILST14,Chicago Soft Drink Tax Return
US,False,Multiple Site Sales and Use Tax Return,2020-09-01T00:00:00,2021-12-31T00:00:00,likely_official_or_near_official,ILST1ST2,1,0,https://s3-us-west-2.amazonaws.com/tax-form-catalog-prd-us-west-2-data/tax-form-catalog/png/5079e1aa-d37d-4398-8311-a04e283e7766.png,,IL,123,likely_state_or_province_level,PRODUCTION,USILST1ST2,IL ST1 ST2
US,False,Placeholder for manual web-filing,1900-01-01T00:00:00,9999-12-31T00:00:00,likely_official_or_near_official,ILST1ST2LOC140,1,0,https://s3-us-west-2.amazonaws.com/tax-form-catalog-prd-us-west-2-data/tax-form-catalog/png/bead0117-3f93-4b18-98de-81a8f79d76f1.png,,IL,4,likely_state_or_province_level,PRODUCTION,USILST1ST2LOC140,IL ST 1 ST 2 Locations 140
US,False,Illinois Sales and Use Tax Amendment Return,1900-01-01T00:00:00,9999-12-31T00:00:00,likely_official_or_near_official,ILST1X,1,0,https://s3-us-west-2.amazonaws.com/tax-form-catalog-prd-us-west-2-data/tax-form-catalog/png/c1b05abe-4beb-49ea-9f71-9c3166f11959.png,,IL,6,likely_state_or_province_level,PRODUCTION,USILST1X,IL ST1X
US,False,Sales Tax - Week 3 Prepayment,1900-01-01T00:00:00,9999-12-31T00:00:00,descriptive_state_level_label,ILTHIRDPREPAY,1,0,https://s3-us-west-2.amazonaws.com/tax-form-catalog-prd-us-west-2-data/tax-form-catalog/png/e652f184-f4dc-444f-ba2e-e25aa651c99c.png,,IL,6,likely_state_or_province_level,PRODUCTION,USILTHIRDPREPAY,IL Sales 3rd Prepay
US,False,SST Electronic Return,1900-01-01T00:00:00,9999-12-31T00:00:00,descriptive_state_level_label,INSER,1,0,https://s3-us-west-2.amazonaws.com/tax-form-catalog-prd-us-west-2-data/tax-form-catalog/png/ff41e382-c720-445d-ba30-294429b4094a.png,,IN,157,likely_state_or_province_level,PRODUCTION,USINSER,IN SER
US,False,Sales and Use Tax,2019-01-01T00:00:00,9999-12-31T00:00:00,likely_official_or_near_official,INST103,1,0,https://s3-us-west-2.amazonaws.com/tax-form-catalog-prd-us-west-2-data/tax-form-catalog/png/1c9257fd-da04-47a4-bf39-5a33fc32272c.png,,IN,87,likely_state_or_province_level,PRODUCTION,USINST103,IN ST103
US,False,Kansas Consumers' Compensating Use Tax Return,2025-07-01T00:00:00,9999-12-31T00:00:00,likely_official_or_near_official,KSCT10U,1,0,https://s3-us-west-2.amazonaws.com/tax-form-catalog-prd-us-west-2-data/tax-form-catalog/png/ab2dfc9b-18ff-4dcf-b22d-04ae0a19d183.png,,KS,27,likely_state_or_province_level,PRODUCTION,USKSCT10U,KS CT 10U
US,False,Kansas Retailers' Compensation Use Tax Return,2025-07-01T00:00:00,9999-12-31T00:00:00,likely_official_or_near_official,KSCT9U,1,0,https://s3-us-west-2.amazonaws.com/tax-form-catalog-prd-us-west-2-data/tax-form-catalog/png/1b2fb0bc-ea03-4f1a-bb81-4bb4fbe57733.png,,KS,86,likely_state_or_province_level,PRODUCTION,USKSCT9U,KS CT 9U
US,False,(01/08) Consumers Compensating Use,2005-07-01T00:00:00,2016-11-30T00:00:00,likely_official_or_near_official,CUKS,1,0,https://s3-us-west-2.amazonaws.com/tax-form-catalog-prd-us-west-2-data/tax-form-catalog/png/c8c3ff04-d04e-46ea-aa8c-9cb6bfbfcfe6.png,,KS,2,likely_state_or_province_level,PRODUCTION,USKSKS,KS CT-10U UV
US,False,SST Electronic Return,1900-01-01T00:00:00,9999-12-31T00:00:00,descriptive_state_level_label,KSSER,1,0,https://s3-us-west-2.amazonaws.com/tax-form-catalog-prd-us-west-2-data/tax-form-catalog/png/ff41e382-c720-445d-ba30-294429b4094a.png,,KS,157,likely_state_or_province_level,PRODUCTION,USKSSER,KS SER
US,False,EXPIRED - Kansas Retailers' Sales Tax Return,2022-10-01T00:00:00,2022-12-31T00:00:00,likely_official_or_near_official,KSST16,1,0,https://s3-us-west-2.amazonaws.com/tax-form-catalog-prd-us-west-2-data/tax-form-catalog/png/59bd5706-71c9-4a3b-aabd-514e45616bc3.png,,KS,21,likely_state_or_province_level,PRODUCTION,USKSST16,KS ST16
US,False,Kansas Retailers' Sales Tax Return (long form),2025-07-01T00:00:00,9999-12-31T00:00:00,likely_official_or_near_official,KSST36,1,0,https://s3-us-west-2.amazonaws.com/tax-form-catalog-prd-us-west-2-data/tax-form-catalog/png/6a9acc96-795d-49c3-a267-016b162aded3.png,,KS,60,likely_state_or_province_level,PRODUCTION,USKSST36,KS ST36
US,False,Kentucky State Sales and Use Tax Worksheet,2020-01-01T00:00:00,9999-12-31T00:00:00,descriptive_state_level_label,KY51A102,1,0,https://s3-us-west-2.amazonaws.com/tax-form-catalog-prd-us-west-2-data/tax-form-catalog/png/e52f9640-c9b6-4df8-9692-c7652e0d9e40.png,,KY,44,likely_state_or_province_level,PRODUCTION,USKY51A102,KY 51A102
US,False,Kentucky State Accelerated (Prepayment) Sales and Use Tax Worksheet,2019-07-01T00:00:00,9999-12-31T00:00:00,descriptive_state_level_label,KY51A103,1,0,https://s3-us-west-2.amazonaws.com/tax-form-catalog-prd-us-west-2-data/tax-form-catalog/png/4b43a321-487e-4a09-9d2d-c6781af33eff.png,,KY,34,likely_state_or_province_level,PRODUCTION,USKY51A103,KY 51A103
US,False,Consumer's Use Tax Return ONLY,2021-09-01T00:00:00,9999-12-31T00:00:00,descriptive_state_level_label,KY51A113O,1,0,https://s3-us-west-2.amazonaws.com/tax-form-catalog-prd-us-west-2-data/tax-form-catalog/png/84b85fc3-b4a1-49d0-b9fc-c74af03dc3a1.png,,KY,6,likely_state_or_province_level,PRODUCTION,USKY51A113O,KY 51A113(O)
US,False,SST Electronic Return,1900-01-01T00:00:00,9999-12-31T00:00:00,descriptive_state_level_label,KYSER,1,0,https://s3-us-west-2.amazonaws.com/tax-form-catalog-prd-us-west-2-data/tax-form-catalog/png/ff41e382-c720-445d-ba30-294429b4094a.png,,KY,157,likely_state_or_province_level,PRODUCTION,USKYSER,KY SER
US,False,Acadia Parish Local Sales & Use Report,2026-01-01T00:00:00,9999-12-31T00:00:00,descriptive_state_level_label,LAACADIA,1,0,https://s3-us-west-2.amazonaws.com/tax-form-catalog-prd-us-west-2-data/tax-form-catalog/png/a55accc3-8e36-4bf5-b3fb-3a9a9d83b5f8.png,,LA,29,likely_state_or_province_level,PRODUCTION,USLAACADIA,LA Acadia
US,False,Airport Tax District,2014-02-01T00:00:00,2016-12-31T00:00:00,descriptive_state_level_label,LAAIRPORTTAX,1,0,https://s3-us-west-2.amazonaws.com/tax-form-catalog-prd-us-west-2-data/tax-form-catalog/png/e9f15f05-0750-49e3-addc-015391828dc2.png,,LA,1,likely_state_or_province_level,PRODUCTION,USLAAIRPORTTAX,LA Airport Tax
US,False,Allen Parish Local Sales & Use Tax Report,2026-01-01T00:00:00,9999-12-31T00:00:00,descriptive_state_level_label,LAALLEN,1,0,https://s3-us-west-2.amazonaws.com/tax-form-catalog-prd-us-west-2-data/tax-form-catalog/png/c0cfcf73-ec51-4763-87ae-f840130c2d45.png,,LA,54,likely_state_or_province_level,PRODUCTION,USLAALLEN,LA Allen
US,False,Ascension Parish Local Sales & Use Tax Report,2026-01-01T00:00:00,9999-12-31T00:00:00,descriptive_state_level_label,LAASCENSION,1,0,https://s3-us-west-2.amazonaws.com/tax-form-catalog-prd-us-west-2-data/tax-form-catalog/png/b46a8f6f-e483-46a1-9fcc-ab4b027be54b.png,,LA,68,likely_state_or_province_level,PRODUCTION,USLAASCENSION,LA Ascension
US,False,ASCENSION PARISH ANNEX SALES AND USE TAX REPORT,2026-01-01T00:00:00,9999-12-31T00:00:00,descriptive_state_level_label,LAASCENSIONANNEXATION ,1,0,https://s3-us-west-2.amazonaws.com/tax-form-catalog-prd-us-west-2-data/tax-form-catalog/png/a61ff744-dbc5-4c22-936e-a71d28a0e31e.png,,LA,2,likely_state_or_province_level,PRODUCTION,USLAASCENSIONANNEXATION,LA Ascension Annexation
US,False,Assumption Parish Local Sales & Use Tax Report,2026-01-01T00:00:00,9999-12-31T00:00:00,descriptive_state_level_label,LAASSUMPTION,1,0,https://s3-us-west-2.amazonaws.com/tax-form-catalog-prd-us-west-2-data/tax-form-catalog/png/6c5cbd68-79de-4145-ada7-94d6824cf19a.png,,LA,35,likely_state_or_province_level,PRODUCTION,USLAASSUMPTION,LA Assumption
US,False,Avoyelles Parish Local Sales & Use Tax Report,2026-01-01T00:00:00,9999-12-31T00:00:00,descriptive_state_level_label,LAAVOYELLES,1,0,https://s3-us-west-2.amazonaws.com/tax-form-catalog-prd-us-west-2-data/tax-form-catalog/png/22bfe7a6-3332-449f-88f7-3dd73304e95b.png,,LA,37,likely_state_or_province_level,PRODUCTION,USLAAVOYELLES,LA Avoyelles
US,False,Beauregard Parish Local Sales & Use Tax Report,2026-01-01T00:00:00,9999-12-31T00:00:00,descriptive_state_level_label,LABEAUREGARD,1,0,https://s3-us-west-2.amazonaws.com/tax-form-catalog-prd-us-west-2-data/tax-form-catalog/png/bbd9f96e-3cab-47fd-bc46-75f55392f77c.png,,LA,26,likely_state_or_province_level,PRODUCTION,USLABEAUREGARD,LA Beauregard
US,False,Bienville Parish Local Sales & Use Tax Report,2026-01-01T00:00:00,9999-12-31T00:00:00,descriptive_state_level_label,LABIENVILLE,1,0,https://s3-us-west-2.amazonaws.com/tax-form-catalog-prd-us-west-2-data/tax-form-catalog/png/4149923f-5108-4e10-a792-79690f9644f8.png,,LA,26,likely_state_or_province_level,PRODUCTION,USLABIENVILLE,LA Bienville
US,False,Bossier Parish Local Sales & Use Tax Report,2026-01-01T00:00:00,9999-12-31T00:00:00,descriptive_state_level_label,LABOSSIER,1,0,https://s3-us-west-2.amazonaws.com/tax-form-catalog-prd-us-west-2-data/tax-form-catalog/png/d65425f6-c9a7-4fd3-9458-accfb6b99199.png,,LA,50,likely_state_or_province_level,PRODUCTION,USLABOSSIER,LA Bossier
US,False,Caddo Parish Local Sales & Use Tax Report,2026-01-01T00:00:00,9999-12-31T00:00:00,descriptive_state_level_label,LACADDO,1,0,https://s3-us-west-2.amazonaws.com/tax-form-catalog-prd-us-west-2-data/tax-form-catalog/png/f4c4ac68-c0da-4fc3-9568-a3201c11eb66.png,,LA,80,likely_state_or_province_level,PRODUCTION,USLACADDO,LA Caddo
US,False,Calcasieu Parish Sales & Use Tax Return,2026-01-01T00:00:00,9999-12-31T00:00:00,descriptive_state_level_label,LACALCASIEU,1,0,https://s3-us-west-2.amazonaws.com/tax-form-catalog-prd-us-west-2-data/tax-form-catalog/png/0a013619-fbf0-49af-8b2f-1f90fb54267d.png,,LA,82,likely_state_or_province_level,PRODUCTION,USLACALCASIEU,LA Calcasieu
US,False,Caldwell Parish Local Sales & Use Tax Report,2026-01-01T00:00:00,9999-12-31T00:00:00,descriptive_state_level_label,LACALDWELL,1,0,https://s3-us-west-2.amazonaws.com/tax-form-catalog-prd-us-west-2-data/tax-form-catalog/png/c698d0b0-ea7e-4a08-8aa3-c9f04748ced1.png,,LA,24,likely_state_or_province_level,PRODUCTION,USLACALDWELL,LA Caldwell
US,False,Catahoula Parish Local Sales & Use Tax Report,2026-01-01T00:00:00,9999-12-31T00:00:00,descriptive_state_level_label,LACATAHOULA,1,0,https://s3-us-west-2.amazonaws.com/tax-form-catalog-prd-us-west-2-data/tax-form-catalog/png/3e6fa3b4-99cf-44b3-98f8-7feb7523619d.png,,LA,28,likely_state_or_province_level,PRODUCTION,USLACATAHOULA,LA Catahoula
US,False,Claiborne Parish Local Sales & Use Tax Report,2026-01-01T00:00:00,9999-12-31T00:00:00,descriptive_state_level_label,LACLAIBORNE,1,0,https://s3-us-west-2.amazonaws.com/tax-form-catalog-prd-us-west-2-data/tax-form-catalog/png/dee786d3-d24f-4027-9ed0-f4d5a6bc2c56.png,,LA,35,likely_state_or_province_level,PRODUCTION,USLACLAIBORNE,LA Claiborne
US,False,Louisiana Combined State and Local Return,2026-01-01T00:00:00,9999-12-31T00:00:00,descriptive_state_level_label,USLACOMBINEDSTATELOCAL,1,0,https://s3-us-west-2.amazonaws.com/tax-form-catalog-prd-us-west-2-data/tax-form-catalog/png/ec7f4850-ee63-4ce5-8c8a-48e304ed8fde.png,,LA,11,likely_state_or_province_level,PRODUCTION,USLACOMBINEDSTATELOCAL,Louisiana Combined State and Local Return
US,False,Concordia Parish Local Sales & Use Tax Report,2026-01-01T00:00:00,9999-12-31T00:00:00,descriptive_state_level_label,LACONCORDIA,1,0,https://s3-us-west-2.amazonaws.com/tax-form-catalog-prd-us-west-2-data/tax-form-catalog/png/5cdbe5ee-406a-4592-8989-e625c74ad4da.png,,LA,28,likely_state_or_province_level,PRODUCTION,USLACONCORDIA,LA Concordia
US,False,Desoto Parish Local Sales & Use Tax Report,2026-01-01T00:00:00,9999-12-31T00:00:00,descriptive_state_level_label,LADESOTO,1,0,https://s3-us-west-2.amazonaws.com/tax-form-catalog-prd-us-west-2-data/tax-form-catalog/png/7beabedb-9c95-437b-bb0e-7fb44bcdfb33.png,,LA,32,likely_state_or_province_level,PRODUCTION,USLADESOTO,LA DeSoto
US,False,East Baton Rouge Parish Local Sales & Use Tax Report,2026-01-01T00:00:00,9999-12-31T00:00:00,descriptive_state_level_label,LAEASTBATONROUGE,1,0,https://s3-us-west-2.amazonaws.com/tax-form-catalog-prd-us-west-2-data/tax-form-catalog/png/2394d19b-554c-4ce1-8f3e-8561585b725c.png,,LA,65,likely_state_or_province_level,PRODUCTION,USLAEASTBATONROUGE,LA East Baton Rouge
US,False,East Carroll Parish Local Sales & Use Tax Report,2026-01-01T00:00:00,9999-12-31T00:00:00,descriptive_state_level_label,LAEASTCARROLL,1,0,https://s3-us-west-2.amazonaws.com/tax-form-catalog-prd-us-west-2-data/tax-form-catalog/png/588808fd-84f7-48d8-bc9f-117555366aaf.png,,LA,25,likely_state_or_province_level,PRODUCTION,USLAEASTCARROLL,LA East Carroll
US,False,East Feliciana Parish Local Sales & Use Tax Report,2026-01-01T00:00:00,9999-12-31T00:00:00,descriptive_state_level_label,LAEASTFELICIANA,1,0,https://s3-us-west-2.amazonaws.com/tax-form-catalog-prd-us-west-2-data/tax-form-catalog/png/8814bf7d-a66e-49a5-852f-d2115efdb027.png,,LA,33,likely_state_or_province_level,PRODUCTION,USLAEASTFELICIANA,LA East Feliciana
US,False,Evangeline Parish Local Sales & Use Tax Report,2026-01-01T00:00:00,9999-12-31T00:00:00,descriptive_state_level_label,LAEVANGELINE,1,0,https://s3-us-west-2.amazonaws.com/tax-form-catalog-prd-us-west-2-data/tax-form-catalog/png/0d9315f7-eefd-4a1b-ba04-4ed999461438.png,,LA,25,likely_state_or_province_level,PRODUCTION,USLAEVANGELINE,LA Evangeline
US,False,Franklin Parish Local Sales & Use Tax Report,2026-01-01T00:00:00,9999-12-31T00:00:00,descriptive_state_level_label,LAFRANKLIN,1,0,https://s3-us-west-2.amazonaws.com/tax-form-catalog-prd-us-west-2-data/tax-form-catalog/png/6e950e07-3817-4572-b9ae-e1aedb5c4027.png,,LA,33,likely_state_or_province_level,PRODUCTION,USLAFRANKLIN,LA Franklin
US,False,Grant Parish Local Sales & Use Tax Report,2026-01-01T00:00:00,9999-12-31T00:00:00,descriptive_state_level_label,LAGRANT,1,0,https://s3-us-west-2.amazonaws.com/tax-form-catalog-prd-us-west-2-data/tax-form-catalog/png/974a32da-0a8c-45c4-9865-36e5ac69e0f4.png,,LA,33,likely_state_or_province_level,PRODUCTION,USLAGRANT,LA Grant
US,False,Iberia Parish Local Sales & Use Tax Return,2026-01-01T00:00:00,9999-12-31T00:00:00,descriptive_state_level_label,LAIBERIA,1,0,https://s3-us-west-2.amazonaws.com/tax-form-catalog-prd-us-west-2-data/tax-form-catalog/png/1a85610c-a91b-4655-a058-7bf533fd987a.png,,LA,37,likely_state_or_province_level,PRODUCTION,USLAIBERIA,LA Iberia
US,False,Iberville Parish Local Sales & Use Tax Report,2026-01-01T00:00:00,9999-12-31T00:00:00,descriptive_state_level_label,LAIBERVILLE,1,0,https://s3-us-west-2.amazonaws.com/tax-form-catalog-prd-us-west-2-data/tax-form-catalog/png/9791081e-dff8-4fe3-96b0-948c0164d4de.png,,LA,26,likely_state_or_province_level,PRODUCTION,USLAIBERVILLE,LA Iberville
US,False,Jackson Parish Local Sales & Use Tax Report,2026-01-01T00:00:00,9999-12-31T00:00:00,descriptive_state_level_label,LAJACKSON,1,0,https://s3-us-west-2.amazonaws.com/tax-form-catalog-prd-us-west-2-data/tax-form-catalog/png/ede9beb7-9359-468e-9b7f-c8b4a17d9f59.png,,LA,30,likely_state_or_province_level,PRODUCTION,USLAJACKSON,LA Jackson
US,False,Jefferson Parish Local Sales Tax Report,2026-01-01T00:00:00,9999-12-31T00:00:00,descriptive_state_level_label,LAJEFFERSON,1,0,https://s3-us-west-2.amazonaws.com/tax-form-catalog-prd-us-west-2-data/tax-form-catalog/png/3a5982b9-296a-4db1-90db-cfe3c00a2003.png,,LA,40,likely_state_or_province_level,PRODUCTION,USLAJEFFERSON,LA Jefferson
US,False,Jefferson Parish Local Airport Sales Tax Report (for New Orleans International Airport Location),2026-01-01T00:00:00,9999-12-31T00:00:00,descriptive_state_level_label,LAJEFFERSONAIRPORT,1,0,https://s3-us-west-2.amazonaws.com/tax-form-catalog-prd-us-west-2-data/tax-form-catalog/png/f03f3d7f-defc-4a8b-bbe8-322679a43cb9.png,,LA,36,likely_state_or_province_level,PRODUCTION,USLAJEFFERSONAIRPORT,LA JeffersonAirport Combined
US,False,Jefferson Davis Parish Local Sales & Use Tax Report,2026-01-01T00:00:00,9999-12-31T00:00:00,descriptive_state_level_label,LAJEFFERSONDAVIS,1,0,https://s3-us-west-2.amazonaws.com/tax-form-catalog-prd-us-west-2-data/tax-form-catalog/png/5835d834-4112-4feb-a4d6-005357bb6cd1.png,,LA,42,likely_state_or_province_level,PRODUCTION,USLAJEFFERSONDAVIS,LA Jefferson Davis
US,False,"Jefferson Parish Local Food, Sales & Use Tax Report",2022-10-01T00:00:00,2022-12-31T00:00:00,descriptive_state_level_label,LAJEFFERSONFOOD,1,0,https://s3-us-west-2.amazonaws.com/tax-form-catalog-prd-us-west-2-data/tax-form-catalog/png/d48b110d-82ac-481b-bef1-c1cf1c6e78bb.png,,LA,22,likely_state_or_province_level,PRODUCTION,USLAJEFFERSONFOOD,LA Jefferson Food
US,False,Lafayette Parish Local Sales & Use Tax Reportt,2026-01-01T00:00:00,9999-12-31T00:00:00,descriptive_state_level_label,LALAFAYETTE,1,0,https://s3-us-west-2.amazonaws.com/tax-form-catalog-prd-us-west-2-data/tax-form-catalog/png/e4980c2d-63fd-4b91-ad5d-0bd7c39f9d6d.png,,LA,73,likely_state_or_province_level,PRODUCTION,USLALAFAYETTE,LA Lafayette
US,False,Lafourche Parish Local Sales & Use Tax Return,2026-01-01T00:00:00,9999-12-31T00:00:00,descriptive_state_level_label,LALAFOURCHE,1,0,https://s3-us-west-2.amazonaws.com/tax-form-catalog-prd-us-west-2-data/tax-form-catalog/png/e50f5794-2619-4b57-bc12-3e5030a83127.png,,LA,27,likely_state_or_province_level,PRODUCTION,USLALAFOURCHE,LA Lafourche
US,False,LaSalle Parish Local Sales & Use Tax Report,2026-01-01T00:00:00,9999-12-31T00:00:00,descriptive_state_level_label,LALASALLE,1,0,https://s3-us-west-2.amazonaws.com/tax-form-catalog-prd-us-west-2-data/tax-form-catalog/png/97230a61-b70d-4138-9c5d-b55dd659d7d2.png,,LA,29,likely_state_or_province_level,PRODUCTION,USLALASALLE,LA LaSalle
US,False,Lincoln Parish Local Sales & Use Tax Return,2026-01-01T00:00:00,9999-12-31T00:00:00,descriptive_state_level_label,LALINCOLN,1,0,https://s3-us-west-2.amazonaws.com/tax-form-catalog-prd-us-west-2-data/tax-form-catalog/png/f19c73bb-8c82-45a8-8a56-6c27221be054.png,,LA,46,likely_state_or_province_level,PRODUCTION,USLALINCOLN,LA Lincoln
US,False,Livingston Parish Local Sales & Use Tax Return,2026-01-01T00:00:00,9999-12-31T00:00:00,descriptive_state_level_label,LALIVINGSTON,1,0,https://s3-us-west-2.amazonaws.com/tax-form-catalog-prd-us-west-2-data/tax-form-catalog/png/310a6398-7fea-425c-9635-474d2a275a5b.png,,LA,39,likely_state_or_province_level,PRODUCTION,USLALIVINGSTON,LA Livingston
US,False,Madison Parish Local Sales & Use Tax Report,2026-01-01T00:00:00,9999-12-31T00:00:00,descriptive_state_level_label,LAMADISON,1,0,https://s3-us-west-2.amazonaws.com/tax-form-catalog-prd-us-west-2-data/tax-form-catalog/png/83dd0f45-363a-4e9c-97e3-d7597bab781e.png,,LA,30,likely_state_or_province_level,PRODUCTION,USLAMADISON,LA Madison
US,False,Magnolia Marketplace Sales Tax Return,1900-01-01T00:00:00,9999-12-31T00:00:00,likely_official_or_near_official,LAMAGNOLIAMARKETPLACE,1,0,https://s3-us-west-2.amazonaws.com/tax-form-catalog-prd-us-west-2-data/tax-form-catalog/png/3c5078af-c564-4bd5-b645-795c33df9560.png,,LA,5,likely_state_or_province_level,PRODUCTION,USLAMAGNOLIAMARKETPLACE,LA Magnolia 8000G
US,False,Morehouse Parish Local Sales & Use Tax Return,2026-01-01T00:00:00,9999-12-31T00:00:00,descriptive_state_level_label,LAMOREHOUSE,1,0,https://s3-us-west-2.amazonaws.com/tax-form-catalog-prd-us-west-2-data/tax-form-catalog/png/61715409-f367-4608-8de9-ff69cc1f7441.png,,LA,32,likely_state_or_province_level,PRODUCTION,USLAMOREHOUSE,LA Morehouse
US,False,Natchitoches Parish Local Sales & Use Tax Report,2026-01-01T00:00:00,9999-12-31T00:00:00,descriptive_state_level_label,LANATCHITOCHES,1,0,https://s3-us-west-2.amazonaws.com/tax-form-catalog-prd-us-west-2-data/tax-form-catalog/png/c231b65a-99a9-4cb8-8778-b04ac453fdc4.png,,LA,67,likely_state_or_province_level,PRODUCTION,USLANATCHITOCHES,LA Natchitoches
US,False,Sales and Use Tax Report,2014-11-01T00:00:00,2016-03-31T00:00:00,descriptive_state_level_label,LANEWORLEANS,1,0,https://s3-us-west-2.amazonaws.com/tax-form-catalog-prd-us-west-2-data/tax-form-catalog/png/17d89662-9eee-4b46-aad6-af8d82c318d1.png,,LA,14,likely_state_or_province_level,PRODUCTION,USLANEWORLEANS,LA New Orleans
US,False,RIVERWALK/SPANISH PLAZA ADDITIONAL 2% SALES TAX RETURN,1900-01-01T00:00:00,9999-12-31T00:00:00,likely_official_or_near_official,LANEWORLEANS8000R,1,0,https://s3-us-west-2.amazonaws.com/tax-form-catalog-prd-us-west-2-data/tax-form-catalog/png/ffb76633-1ed5-4fad-bdde-7aadf6c04b6c.png,,LA,4,likely_state_or_province_level,PRODUCTION,USLANEWORLEANS8000R,LA New Orleans Riverwalk 8000R
US,False,Orleans Parish Local Sales & Use Tax Return (City of New Orleans),2026-01-01T00:00:00,9999-12-31T00:00:00,likely_official_or_near_official,LANEWORLEANS8071,1,0,https://s3-us-west-2.amazonaws.com/tax-form-catalog-prd-us-west-2-data/tax-form-catalog/png/e403ab52-505e-4007-a756-d60138e6cda6.png,,LA,61,likely_state_or_province_level,PRODUCTION,USLANEWORLEANS8071,LA New Orleans 8071
US,False,Ouachita Parish Local Sales & Use Tax Return (City of Monroe),2026-01-01T00:00:00,9999-12-31T00:00:00,descriptive_state_level_label,LAOUACHITA,1,0,https://s3-us-west-2.amazonaws.com/tax-form-catalog-prd-us-west-2-data/tax-form-catalog/png/a3bfaf7e-44d5-44dc-9089-405bf20064e5.png,,LA,48,likely_state_or_province_level,PRODUCTION,USLAOUACHITA,LA Ouachita
US,False,Plaquemines Parish Local Sales & Use Tax Return,2026-01-01T00:00:00,9999-12-31T00:00:00,descriptive_state_level_label,LAPLAQUEMINES,1,0,https://s3-us-west-2.amazonaws.com/tax-form-catalog-prd-us-west-2-data/tax-form-catalog/png/ac10ff20-f3db-4df5-afa0-ca42bad8edfb.png,,LA,48,likely_state_or_province_level,PRODUCTION,USLAPLAQUEMINES,LA Plaquemines
US,False,Pointe Coupee Parish Local Sales & Use Tax Report,2026-01-01T00:00:00,9999-12-31T00:00:00,descriptive_state_level_label,LAPOINTECOUPEE,1,0,https://s3-us-west-2.amazonaws.com/tax-form-catalog-prd-us-west-2-data/tax-form-catalog/png/a38b49ae-58fb-4e80-8cd4-ecc3587faac8.png,,LA,23,likely_state_or_province_level,PRODUCTION,USLAPOINTECOUPEE,LA Pointe Coupee
US,False,Sales Tax Return,2025-01-01T00:00:00,9999-12-31T00:00:00,likely_official_or_near_official,LAR1029A,1,0,https://s3-us-west-2.amazonaws.com/tax-form-catalog-prd-us-west-2-data/tax-form-catalog/png/1b844217-19b6-488e-92e2-8134d7587037.png,,LA,175,likely_state_or_province_level,PRODUCTION,USLAR1029A,LA R1029 A
US,False,Louisiana State Direct Marketer Sales Tax Return (update in tax type setting required),2025-01-01T00:00:00,9999-12-31T00:00:00,likely_official_or_near_official,LAR1031,1,0,https://s3-us-west-2.amazonaws.com/tax-form-catalog-prd-us-west-2-data/tax-form-catalog/png/b7c5e7d6-41dc-49a6-8d40-d9dde8fa781f.png,,LA,42,likely_state_or_province_level,PRODUCTION,USLAR1031,LA R1031
US,False,Rapides Parish Local Sales & Use Tax Return,2026-01-01T00:00:00,9999-12-31T00:00:00,descriptive_state_level_label,LARAPIDES,1,0,https://s3-us-west-2.amazonaws.com/tax-form-catalog-prd-us-west-2-data/tax-form-catalog/png/dd71b1dc-8b1b-437f-bb7b-945894a7cebc.png,,LA,52,likely_state_or_province_level,PRODUCTION,USLARAPIDES,LA Rapides
US,False,Red River Parish Local Sales & Use Tax Report,2026-01-01T00:00:00,9999-12-31T00:00:00,descriptive_state_level_label,LAREDRIVER,1,0,https://s3-us-west-2.amazonaws.com/tax-form-catalog-prd-us-west-2-data/tax-form-catalog/png/910e185f-08d4-479e-8b0f-6cc49d6c8fb7.png,,LA,22,likely_state_or_province_level,PRODUCTION,USLAREDRIVER,LA Red River
US,False,Richland Parish Local Sales & Use Tax Report,2026-01-01T00:00:00,9999-12-31T00:00:00,descriptive_state_level_label,LARICHLAND,1,0,https://s3-us-west-2.amazonaws.com/tax-form-catalog-prd-us-west-2-data/tax-form-catalog/png/171033d5-05cd-434a-9d02-57cccc0881d9.png,,LA,36,likely_state_or_province_level,PRODUCTION,USLARICHLAND,LA Richland
US,False,Louisiana Remote Seller's Sales Tax Return,2025-01-01T00:00:00,9999-12-31T00:00:00,descriptive_state_level_label,LARSSTR,1,0,https://s3-us-west-2.amazonaws.com/tax-form-catalog-prd-us-west-2-data/tax-form-catalog/png/9d44fb19-086f-4b1e-9f3b-dc9b16bfa2bf.png,,LA,290,likely_state_or_province_level,PRODUCTION,USLARSSTR,LA Remote Sellers Return
US,False,Sabine Parish Local Sales & Use Tax Report,2026-01-01T00:00:00,9999-12-31T00:00:00,descriptive_state_level_label,LASABINE,1,0,https://s3-us-west-2.amazonaws.com/tax-form-catalog-prd-us-west-2-data/tax-form-catalog/png/5feb1ca8-80ab-41eb-88de-3e5537d768ba.png,,LA,30,likely_state_or_province_level,PRODUCTION,USLASABINE,LA Sabine
US,False,St. Bernard Parish Local Sales & Use Tax Return,2026-01-01T00:00:00,9999-12-31T00:00:00,descriptive_state_level_label,LASTBERNARD,1,0,https://s3-us-west-2.amazonaws.com/tax-form-catalog-prd-us-west-2-data/tax-form-catalog/png/d110a0ca-800f-41df-881b-7e7b8f645ce0.png,,LA,31,likely_state_or_province_level,PRODUCTION,USLASTBERNARD,LA St Bernard
US,False,St. Charles Parish Local Sales & Use Tax Report,2026-01-01T00:00:00,9999-12-31T00:00:00,descriptive_state_level_label,LASTCHARLES,1,0,https://s3-us-west-2.amazonaws.com/tax-form-catalog-prd-us-west-2-data/tax-form-catalog/png/5796a8db-c698-4e69-9f40-a1057167b24b.png,,LA,29,likely_state_or_province_level,PRODUCTION,USLASTCHARLES,LA St Charles
US,False,St. Helena Parish Local Sales & Use Tax Report,2026-01-01T00:00:00,9999-12-31T00:00:00,descriptive_state_level_label,LASTHELENA,1,0,https://s3-us-west-2.amazonaws.com/tax-form-catalog-prd-us-west-2-data/tax-form-catalog/png/478c62a5-641f-4aed-9343-41ebfac20c96.png,,LA,26,likely_state_or_province_level,PRODUCTION,USLASTHELENA,LA St Helena
US,False,St. James Parish Local Sales & Use Tax Report,2026-01-01T00:00:00,9999-12-31T00:00:00,descriptive_state_level_label,LASTJAMES,1,0,https://s3-us-west-2.amazonaws.com/tax-form-catalog-prd-us-west-2-data/tax-form-catalog/png/3ed2b268-c5e8-497b-806f-21186bd1c359.png,,LA,33,likely_state_or_province_level,PRODUCTION,USLASTJAMES,LA St James
US,False,St. John the Baptist Parish Local Sales & Use Tax Return,2026-01-01T00:00:00,9999-12-31T00:00:00,descriptive_state_level_label,LASTJOHN,1,0,https://s3-us-west-2.amazonaws.com/tax-form-catalog-prd-us-west-2-data/tax-form-catalog/png/d1e2d876-0399-4d70-b7c2-326fab6f151c.png,,LA,26,likely_state_or_province_level,PRODUCTION,USLASTJOHN,LA St John
US,False,St. Landry Parish Local Sales & Use Tax Report,2026-01-01T00:00:00,9999-12-31T00:00:00,descriptive_state_level_label,LASTLANDRY,1,0,https://s3-us-west-2.amazonaws.com/tax-form-catalog-prd-us-west-2-data/tax-form-catalog/png/28188748-2c5e-4802-a44b-33181c476435.png,,LA,54,likely_state_or_province_level,PRODUCTION,USLASTLANDRY,LA St Landry
US,False,St. Martin Parish Local Sales & Use Tax Report,2026-01-01T00:00:00,9999-12-31T00:00:00,descriptive_state_level_label,LASTMARTIN,1,0,https://s3-us-west-2.amazonaws.com/tax-form-catalog-prd-us-west-2-data/tax-form-catalog/png/1e575dfb-609e-4078-a6e4-7200cd1ab71a.png,,LA,37,likely_state_or_province_level,PRODUCTION,USLASTMARTIN,LA St Martin
US,False,St. Mary Parish Local Sales & Use Tax Report,2026-01-01T00:00:00,9999-12-31T00:00:00,descriptive_state_level_label,LASTMARY,1,0,https://s3-us-west-2.amazonaws.com/tax-form-catalog-prd-us-west-2-data/tax-form-catalog/png/5ece3b4c-6bca-44cd-ab46-e5aa33e1d29c.png,,LA,33,likely_state_or_province_level,PRODUCTION,USLASTMARY,LA St Mary
US,False,St. Tammany Parish Local Sales & Use Tax Report,2026-01-01T00:00:00,9999-12-31T00:00:00,descriptive_state_level_label,LASTTAMMANY,1,0,https://s3-us-west-2.amazonaws.com/tax-form-catalog-prd-us-west-2-data/tax-form-catalog/png/df521c01-e63d-44d0-8d83-47658ae63ec7.png,,LA,76,likely_state_or_province_level,PRODUCTION,USLASTTAMMANY,LA St Tammany
US,False,Sales and Use Tax Report for Sales Tax Enhancement Plan Businesses,2026-01-01T00:00:00,9999-12-31T00:00:00,descriptive_state_level_label,LASTTAMMANYENHANCED,1,0,https://s3-us-west-2.amazonaws.com/tax-form-catalog-prd-us-west-2-data/tax-form-catalog/png/1ba91eed-8fd3-45fd-820d-8cba1cb97efa.png,,LA,33,likely_state_or_province_level,PRODUCTION,USLASTTAMMANYENHANCED,LA St Tammany Enhanced
US,False,Sales and Use Tax Report for Single Location,2026-01-01T00:00:00,9999-12-31T00:00:00,descriptive_state_level_label,LASTTAMMANYSINGLE,1,0,https://s3-us-west-2.amazonaws.com/tax-form-catalog-prd-us-west-2-data/tax-form-catalog/png/1b30e8b2-a815-4ac6-95a2-d1f6615465ff.png,,LA,37,likely_state_or_province_level,PRODUCTION,USLASTTAMMANYSINGLE,LA St Tammany Single
US,False,Tangipahoa Parish Local Sales & Use Tax Report,2026-01-01T00:00:00,9999-12-31T00:00:00,descriptive_state_level_label,LATANGIPAHOA,1,0,https://s3-us-west-2.amazonaws.com/tax-form-catalog-prd-us-west-2-data/tax-form-catalog/png/b80b6205-7203-45f8-bfa7-66c2bca65158.png,,LA,31,likely_state_or_province_level,PRODUCTION,USLATANGIPAHOA,LA Tangipahoa
US,False,Tensas Parish Local Sales & Use Tax Report,2026-01-01T00:00:00,9999-12-31T00:00:00,descriptive_state_level_label,LATENSAS,1,0,https://s3-us-west-2.amazonaws.com/tax-form-catalog-prd-us-west-2-data/tax-form-catalog/png/a850f656-c67d-46fd-bdb2-bb1d33a7cf94.png,,LA,27,likely_state_or_province_level,PRODUCTION,USLATENSAS,LA Tensas
US,False,Terrebonne Parish Local Sales & Use Tax Report,2026-01-01T00:00:00,9999-12-31T00:00:00,descriptive_state_level_label,LATERREBONNE,1,0,https://s3-us-west-2.amazonaws.com/tax-form-catalog-prd-us-west-2-data/tax-form-catalog/png/3194e8a4-71e4-495a-a846-279864993112.png,,LA,31,likely_state_or_province_level,PRODUCTION,USLATERREBONNE,LA Terrebonne
US,False,Union Parish Local Sales & Use Tax Report,2026-01-01T00:00:00,9999-12-31T00:00:00,descriptive_state_level_label,LAUNION,1,0,https://s3-us-west-2.amazonaws.com/tax-form-catalog-prd-us-west-2-data/tax-form-catalog/png/eab2cc44-abd2-4ff7-ac7b-ad0ebfdffdd0.png,,LA,16,likely_state_or_province_level,PRODUCTION,USLAUNION,LA Union
US,False,Vermilion Parish Local Sales & Use Tax Report,2026-01-01T00:00:00,9999-12-31T00:00:00,descriptive_state_level_label,LAVERMILION,1,0,https://s3-us-west-2.amazonaws.com/tax-form-catalog-prd-us-west-2-data/tax-form-catalog/png/5223ec2e-96b9-4612-85e4-f9ce3541edb3.png,,LA,30,likely_state_or_province_level,PRODUCTION,USLAVERMILION,LA Vermilion
US,False,Vernon Parish Local Sales & Use Tax Report,2026-01-01T00:00:00,9999-12-31T00:00:00,descriptive_state_level_label,LAVERNON,1,0,https://s3-us-west-2.amazonaws.com/tax-form-catalog-prd-us-west-2-data/tax-form-catalog/png/2f39268f-a3c4-4546-aa6a-866446d8cbbf.png,,LA,24,likely_state_or_province_level,PRODUCTION,USLAVERNON,LA Vernon
US,False,Washington Parish Local Sales & Use Tax Report,2026-01-01T00:00:00,9999-12-31T00:00:00,descriptive_state_level_label,LAWASHINGTON,1,0,https://s3-us-west-2.amazonaws.com/tax-form-catalog-prd-us-west-2-data/tax-form-catalog/png/f04231e5-7a79-4c0d-9eb7-e05eddb9993a.png,,LA,30,likely_state_or_province_level,PRODUCTION,USLAWASHINGTON,LA Washington
US,False,Webster Parish Local Sales & Use Tax Report,2026-01-01T00:00:00,9999-12-31T00:00:00,descriptive_state_level_label,LAWEBSTER,1,0,https://s3-us-west-2.amazonaws.com/tax-form-catalog-prd-us-west-2-data/tax-form-catalog/png/b95ec9ad-97f2-483a-9721-d72bb7278fb1.png,,LA,26,likely_state_or_province_level,PRODUCTION,USLAWEBSTER,LA Webster
US,False,West Baton Rouge Parish Local Sales & Use Tax Report,2026-01-01T00:00:00,9999-12-31T00:00:00,descriptive_state_level_label,LAWESTBATONROUGE,1,0,https://s3-us-west-2.amazonaws.com/tax-form-catalog-prd-us-west-2-data/tax-form-catalog/png/061ccdf2-5f59-4d7d-804a-17ad7c557a21.png,,LA,40,likely_state_or_province_level,PRODUCTION,USLAWESTBATONROUGE,LA West Baton Rouge
US,False,West Carroll Parish Local Sales & Use Tax Report,2026-01-01T00:00:00,9999-12-31T00:00:00,descriptive_state_level_label,LAWESTCARROLL,1,0,https://s3-us-west-2.amazonaws.com/tax-form-catalog-prd-us-west-2-data/tax-form-catalog/png/53143b8f-bbb5-4a02-b21a-356eb9b6accd.png,,LA,45,likely_state_or_province_level,PRODUCTION,USLAWESTCARROLL,LA West Carroll
US,False,West Feliciana Parish Local Sales & Use Tax Report,2026-01-01T00:00:00,9999-12-31T00:00:00,descriptive_state_level_label,LAWESTFELICIANA,1,0,https://s3-us-west-2.amazonaws.com/tax-form-catalog-prd-us-west-2-data/tax-form-catalog/png/3db9b659-6b01-429e-acf5-0690011d4abb.png,,LA,32,likely_state_or_province_level,PRODUCTION,USLAWESTFELICIANA,LA West Feliciana
US,False,Massachusetts Sales and Use Prepayment Form,1900-01-01T00:00:00,9999-12-31T00:00:00,descriptive_or_internal_label,MAPREPAY,1,0,https://s3-us-west-2.amazonaws.com/tax-form-catalog-prd-us-west-2-data/tax-form-catalog/png/6b76d09b-5683-47af-aee4-c4cb878f5b3d.png,,MA,1,likely_state_or_province_level,PRODUCTION,USMAPREPAY,MA Monthly PrePayment
US,False,Business Use Tax Return,1900-01-01T00:00:00,9999-12-31T00:00:00,likely_official_or_near_official,MAST10,1,0,https://s3-us-west-2.amazonaws.com/tax-form-catalog-prd-us-west-2-data/tax-form-catalog/png/1bcc136e-f51a-4283-bd61-c3267cb2cb37.png,,MA,3,likely_state_or_province_level,PRODUCTION,USMAST10,MA ST 10
US,False,Sales and Use Tax Return,2019-11-01T00:00:00,9999-12-31T00:00:00,likely_official_or_near_official,MAST9,1,0,https://s3-us-west-2.amazonaws.com/tax-form-catalog-prd-us-west-2-data/tax-form-catalog/png/4fc5e45c-edec-4e54-83df-8e77d983f97d.png,,MA,32,likely_state_or_province_level,PRODUCTION,USMAST9,MA ST9
US,False,Annual Sales and Tax Return,2009-09-01T00:00:00,2015-12-31T00:00:00,likely_official_or_near_official,MAST9A,1,0,https://s3-us-west-2.amazonaws.com/tax-form-catalog-prd-us-west-2-data/tax-form-catalog/png/b472bb4a-2ecd-48f1-8761-d0b85463b196.png,,MA,3,likely_state_or_province_level,PRODUCTION,USMAST9A,MA ST 9A
US,False,Quarterly Sales and Tax Return,2009-09-01T00:00:00,2015-12-31T00:00:00,likely_official_or_near_official,MAST9Q,1,0,https://s3-us-west-2.amazonaws.com/tax-form-catalog-prd-us-west-2-data/tax-form-catalog/png/2f82148e-882f-4a1f-a9de-0179871c3a21.png,,MA,3,likely_state_or_province_level,PRODUCTION,USMAST9Q,MA ST 9Q
US,False,Sales Tax on Meal And Beverages Return,1900-01-01T00:00:00,9999-12-31T00:00:00,likely_official_or_near_official,MASTMAB4,1,0,https://s3-us-west-2.amazonaws.com/tax-form-catalog-prd-us-west-2-data/tax-form-catalog/png/7dfe09c9-9a51-4a49-8245-7e5c42348547.png,,MA,8,likely_state_or_province_level,PRODUCTION,USMASTMAB4,MA STMAB4
US,False,MD Sales and Use Tax Return,2011-06-01T00:00:00,9999-12-31T00:00:00,likely_official_or_near_official,MDRAD098,1,0,https://s3-us-west-2.amazonaws.com/tax-form-catalog-prd-us-west-2-data/tax-form-catalog/png/c6e9bde7-720e-43c4-b706-fddf92348b7d.png,,MD,1,likely_state_or_province_level,PRODUCTION,USMDRAD098,MD RAD098
US,False,Sales and Use Tax Return,2025-07-01T00:00:00,9999-12-31T00:00:00,likely_official_or_near_official,MDSALESUSE,1,0,https://s3-us-west-2.amazonaws.com/tax-form-catalog-prd-us-west-2-data/tax-form-catalog/png/859e09d4-94e3-434c-9866-6891fb3a3f76.png,,MD,123,likely_state_or_province_level,PRODUCTION,USMDSALESUSE,MD 202
US,False,Maine Revenue Services - Service Provider Tax,2025-01-01T00:00:00,9999-12-31T00:00:00,descriptive_state_level_label,MESPT,1,0,https://s3-us-west-2.amazonaws.com/tax-form-catalog-prd-us-west-2-data/tax-form-catalog/png/93b6ff2b-e079-4805-abe2-5066cf8a1ecb.png,,ME,11,likely_state_or_province_level,PRODUCTION,USMESPT,ME SPT
US,False,Sales and Use Tax Return,2026-01-01T00:00:00,9999-12-31T00:00:00,likely_official_or_near_official,MEST7,1,0,https://s3-us-west-2.amazonaws.com/tax-form-catalog-prd-us-west-2-data/tax-form-catalog/png/98c5e07d-39f9-4163-8c95-60b22ef8d816.png,,ME,55,likely_state_or_province_level,PRODUCTION,USMEST7,ME ST7
US,False,Consolidated Breakdown - Sales and Use Tax,2026-01-01T00:00:00,9999-12-31T00:00:00,likely_official_or_near_official,MEST7B,1,0,https://s3-us-west-2.amazonaws.com/tax-form-catalog-prd-us-west-2-data/tax-form-catalog/png/66cd2c54-9346-494e-b836-a2b319d30681.png,,ME,24,likely_state_or_province_level,PRODUCTION,USMEST7B,ME ST7B
US,False,Use Tax Return,2023-06-01T00:00:00,9999-12-31T00:00:00,likely_official_or_near_official,MEST7U,1,0,https://s3-us-west-2.amazonaws.com/tax-form-catalog-prd-us-west-2-data/tax-form-catalog/png/48e8727e-b500-4752-a1e9-588c02af478f.png,,ME,11,likely_state_or_province_level,PRODUCTION,USMEST7U,ME ST7U
US,False,Monthly or Quarterly Sales and Use Tax Worksheet,2013-08-01T00:00:00,9999-12-31T00:00:00,likely_official_or_near_official,MI1603862,1,0,https://s3-us-west-2.amazonaws.com/tax-form-catalog-prd-us-west-2-data/tax-form-catalog/png/edbf5523-e7cb-4ab2-9c3d-ef7d60eda5d9.png,,MI,1,likely_state_or_province_level,PRODUCTION,USMI1603862,MI 160 3862
US,False,"Annual Return for Sales, Use and Witholding Taxes",2013-01-01T00:00:00,9999-12-31T00:00:00,likely_official_or_near_official,MI165,1,0,https://s3-us-west-2.amazonaws.com/tax-form-catalog-prd-us-west-2-data/tax-form-catalog/png/5a811786-b4b6-4c55-94cd-e09be77e84f7.png,,MI,0,likely_state_or_province_level,PRODUCTION,USMI165,MI 165
US,False,"Sales, Use and Withholding Taxes Monthly/Quarterly Return",2026-01-01T00:00:00,9999-12-31T00:00:00,likely_official_or_near_official,MI5080SU,1,0,https://s3-us-west-2.amazonaws.com/tax-form-catalog-prd-us-west-2-data/tax-form-catalog/png/76e9189f-a9e3-4368-8380-fce0690985e3.png,,MI,128,likely_state_or_province_level,PRODUCTION,USMI5080SU,MI 5080
US,False,"Sales, Use and Withholding Taxes Annual Return",2026-01-01T00:00:00,9999-12-31T00:00:00,likely_normalized_form_label,MI5081SUA,1,0,https://s3-us-west-2.amazonaws.com/tax-form-catalog-prd-us-west-2-data/tax-form-catalog/png/e4e16db8-c600-4656-add2-30c5646c2a23.png,,MI,100,likely_state_or_province_level,PRODUCTION,USMI5081,MI 5081 Annual Sales Tax Return
US,False,"Sales, Use and Withholding Taxes Amended Annual Return",2026-01-01T00:00:00,9999-12-31T00:00:00,likely_official_or_near_official,USMI5082AMENDED,1,0,https://s3-us-west-2.amazonaws.com/tax-form-catalog-prd-us-west-2-data/tax-form-catalog/png/353b04e8-5eb5-4b6f-936f-e0ee2ced28f9.png,,MI,16,likely_state_or_province_level,PRODUCTION,USMI5082AMENDED,MI 5082 Amended Sales Tax Return
US,False,"Sales, Use and Withholding Taxes Amended Monthly/Quarterly Return",2026-01-01T00:00:00,9999-12-31T00:00:00,likely_official_or_near_official,USMI5092AMENDED,1,0,https://s3-us-west-2.amazonaws.com/tax-form-catalog-prd-us-west-2-data/tax-form-catalog/png/59dbd4f1-cc0e-4f79-a770-2dc1c63a3fc8.png,,MI,27,likely_state_or_province_level,PRODUCTION,USMI5092AMENDED,MI 5092 AMENDED
US,False,Michigan Direct Debit of Business Tax Payment,1900-01-01T00:00:00,9999-12-31T00:00:00,descriptive_state_level_label,MI5562,1,0,https://s3-us-west-2.amazonaws.com/tax-form-catalog-prd-us-west-2-data/tax-form-catalog/png/63ef9cfb-6807-44aa-be53-5e9f0262c3bc.png,,MI,6,likely_state_or_province_level,PRODUCTION,USMI5562,Michigan Direct Debit of Business Tax Payment
US,False,Sales Tax - 1st Monthly Prepayment,1900-01-01T00:00:00,9999-12-31T00:00:00,descriptive_state_level_label,MIFIRSTPREPAY,1,0,https://s3-us-west-2.amazonaws.com/tax-form-catalog-prd-us-west-2-data/tax-form-catalog/png/2dfc01ed-2fb1-4ec1-8162-79ef29dc168c.png,,MI,4,likely_state_or_province_level,PRODUCTION,USMIFIRSTPREPAY,MI Sales 1st Prepay
US,False,Consumer Use Tax - 1st Monthly Prepayment,1900-01-01T00:00:00,9999-12-31T00:00:00,descriptive_state_level_label,MIFIRSTPREPAYCU,1,0,https://s3-us-west-2.amazonaws.com/tax-form-catalog-prd-us-west-2-data/tax-form-catalog/png/d23a7860-ac00-4094-bfe2-0cd44505cf21.png,,MI,4,likely_state_or_province_level,PRODUCTION,USMIFIRSTPREPAYCU,MI Consumer Use 1st Prepay
US,False,Sellers Use Tax - 1st Monthly Prepayment,1900-01-01T00:00:00,9999-12-31T00:00:00,descriptive_state_level_label,MIFIRSTPREPAYSU,1,0,https://s3-us-west-2.amazonaws.com/tax-form-catalog-prd-us-west-2-data/tax-form-catalog/png/cee42e55-a6b1-47bc-99aa-1239c0bf7132.png,,MI,5,likely_state_or_province_level,PRODUCTION,USMIFIRSTPREPAYSU,MI Sellers Use 1st Prepay
US,False,Sales Tax - 2nd Monthly Prepayment,1900-01-01T00:00:00,9999-12-31T00:00:00,descriptive_state_level_label,MISECONDPREPAY,1,0,https://s3-us-west-2.amazonaws.com/tax-form-catalog-prd-us-west-2-data/tax-form-catalog/png/845b5b27-6226-42cd-b01e-8aef69212c58.png,,MI,3,likely_state_or_province_level,PRODUCTION,USMISECONDPREPAY,MI Sales 2nd Prepay
US,False,Consumer Use Tax - 2nd Monthly Prepayment,1900-01-01T00:00:00,2023-07-31T00:00:00,descriptive_state_level_label,MISECONDPREPAYCU,1,0,https://s3-us-west-2.amazonaws.com/tax-form-catalog-prd-us-west-2-data/tax-form-catalog/png/cf474674-fa3d-4f98-819c-a53b25eb8387.png,,MI,2,likely_state_or_province_level,PRODUCTION,USMISECONDPREPAYCU,MI Consumer Use 2nd Prepay
US,False,Sellers Use Tax - 2nd Monthly Prepayment,1900-01-01T00:00:00,2023-07-31T00:00:00,descriptive_state_level_label,MISECONDPREPAYSU,1,0,https://s3-us-west-2.amazonaws.com/tax-form-catalog-prd-us-west-2-data/tax-form-catalog/png/e7618ee6-efd9-4035-917b-5ef01785db2a.png,,MI,2,likely_state_or_province_level,PRODUCTION,USMISECONDPREPAYSU,MI Sellers Use 2nd Prepay
US,False,SST Electronic Return,1900-01-01T00:00:00,9999-12-31T00:00:00,descriptive_state_level_label,MISER,1,0,https://s3-us-west-2.amazonaws.com/tax-form-catalog-prd-us-west-2-data/tax-form-catalog/png/ff41e382-c720-445d-ba30-294429b4094a.png,,MI,157,likely_state_or_province_level,PRODUCTION,USMISER,MI SER
US,False,Annual MinnesotaCare Tax Return,2016-01-01T00:00:00,9999-12-31T00:00:00,descriptive_state_level_label,MNMNCAREANNUAL,1,0,https://s3-us-west-2.amazonaws.com/tax-form-catalog-prd-us-west-2-data/tax-form-catalog/png/9d0eaac2-58a2-4912-b883-b36bb4a58121.png,,MN,2,likely_state_or_province_level,PRODUCTION,USMNMNCAREANNUAL,MN MinnesotaCare Annual Tax Return
US,False,Quarterly or Monthly MinnesotaCare Tax Deposit,2010-07-01T00:00:00,9999-12-31T00:00:00,descriptive_state_level_label,MNMNCARETAXDEPOSIT,1,0,https://s3-us-west-2.amazonaws.com/tax-form-catalog-prd-us-west-2-data/tax-form-catalog/png/d7ccdd3a-3dcc-4798-85e7-343cf9a7609e.png,,MN,2,likely_state_or_province_level,PRODUCTION,USMNMNCARETAXDEPOSIT,MN MinnesotaCare Tax Deposit
US,False,Minnesota Accelerated Sales Tax Prepayment,2015-10-01T00:00:00,2021-05-31T00:00:00,descriptive_state_level_label,MNPREPAY,1,0,https://s3-us-west-2.amazonaws.com/tax-form-catalog-prd-us-west-2-data/tax-form-catalog/png/e383d3db-5318-4a2c-8126-68634d855cc2.png,,MN,2,likely_state_or_province_level,PRODUCTION,USMNPREPAY,MN Prepay
US,False,Sales and Use Tax Worksheet,2026-01-01T00:00:00,9999-12-31T00:00:00,likely_official_or_near_official,MNPV49,2,0,https://s3-us-west-2.amazonaws.com/tax-form-catalog-prd-us-west-2-data/tax-form-catalog/png/645b2c99-c241-4077-af4b-3a7ccf3c94ca.png,,MN,309,likely_state_or_province_level,PRODUCTION,USMNPV49,MN PV49
US,False,SST Electronic Return,1900-01-01T00:00:00,9999-12-31T00:00:00,descriptive_state_level_label,MNSER,1,0,https://s3-us-west-2.amazonaws.com/tax-form-catalog-prd-us-west-2-data/tax-form-catalog/png/ff41e382-c720-445d-ba30-294429b4094a.png,,MN,157,likely_state_or_province_level,PRODUCTION,USMNSER,MN SER
US,False,(EXPIRED) - Sales and Use Tax Worksheet,2017-07-01T00:00:00,2017-07-31T00:00:00,likely_official_or_near_official,MNST1,1,0,https://s3-us-west-2.amazonaws.com/tax-form-catalog-prd-us-west-2-data/tax-form-catalog/png/ec197b52-6fce-4779-af8d-08d35e1e1141.png,,MN,21,likely_state_or_province_level,PRODUCTION,USMNST1,MN ST1
US,False,Consolidated Sales and Use Tax Worksheet,2015-11-01T00:00:00,9999-12-31T00:00:00,likely_official_or_near_official,MNST1CS,1,0,https://s3-us-west-2.amazonaws.com/tax-form-catalog-prd-us-west-2-data/tax-form-catalog/png/c738b9c9-4c7f-45f2-a454-f80202778daa.png,,MN,155,likely_state_or_province_level,PRODUCTION,USMNST1CS,MN ST1 Consolidated
US,False,Sales Tax Return,2024-08-01T00:00:00,9999-12-31T00:00:00,likely_official_or_near_official,MO531,1,0,https://s3-us-west-2.amazonaws.com/tax-form-catalog-prd-us-west-2-data/tax-form-catalog/png/3a0e380b-f959-4e0c-8891-53b802a08bb4.png,,MO,143,likely_state_or_province_level,PRODUCTION,USMO531,MO 531
US,False,Missouri 53-1 Outlet Form,2017-01-01T00:00:00,9999-12-31T00:00:00,likely_official_or_near_official,MO531OUTLET,1,0,https://s3-us-west-2.amazonaws.com/tax-form-catalog-prd-us-west-2-data/tax-form-catalog/png/d29ce443-4ee5-451c-ab2f-f7b6a1599891.png,,MO,2,likely_state_or_province_level,PRODUCTION,USMO531OUTLET,MO 531 OUTLET
US,False,Consumer's Use Tax Return,2023-09-01T00:00:00,9999-12-31T00:00:00,likely_official_or_near_official,MO53C,1,0,https://s3-us-west-2.amazonaws.com/tax-form-catalog-prd-us-west-2-data/tax-form-catalog/png/31a0b514-bd6d-41c3-979f-4e0dce6d01db.png,,MO,61,likely_state_or_province_level,PRODUCTION,USMO53C,MO 53C
US,False,Vendor's Use Tax Return,2023-09-01T00:00:00,9999-12-31T00:00:00,likely_official_or_near_official,MO53VLONG,1,0,https://s3-us-west-2.amazonaws.com/tax-form-catalog-prd-us-west-2-data/tax-form-catalog/png/a4baf57b-b1b4-473d-98bb-af3caa26e982.png,,MO,159,likely_state_or_province_level,PRODUCTION,USMO53V,MO 53V
US,False,Sales Tax - Week 1 Prepayment,1900-01-01T00:00:00,9999-12-31T00:00:00,descriptive_state_level_label,MOFIRSTPREPAY,1,0,https://s3-us-west-2.amazonaws.com/tax-form-catalog-prd-us-west-2-data/tax-form-catalog/png/2a625434-74f4-4f0f-94bf-187f77ba4e13.png,,MO,2,likely_state_or_province_level,PRODUCTION,USMOFIRSTPREPAY,MO Sales 1st Prepay
US,False,Sales Tax - Week 4 Prepayment,1900-01-01T00:00:00,9999-12-31T00:00:00,descriptive_state_level_label,MOFOURTHPREPAY,1,0,https://s3-us-west-2.amazonaws.com/tax-form-catalog-prd-us-west-2-data/tax-form-catalog/png/ca062a9b-c89f-45d9-bb80-f3d4dbe4410a.png,,MO,2,likely_state_or_province_level,PRODUCTION,USMOFOURTHPREPAY,MO Sales 4th Prepay
US,False,Sales Tax - Week 2 Prepayment,1900-01-01T00:00:00,9999-12-31T00:00:00,descriptive_state_level_label,MOSECONDPREPAY,1,0,https://s3-us-west-2.amazonaws.com/tax-form-catalog-prd-us-west-2-data/tax-form-catalog/png/bf7dc27c-e8de-4a5d-bb74-0e028b9be081.png,,MO,2,likely_state_or_province_level,PRODUCTION,USMOSECONDPREPAY,MO Sales 2nd Prepay
US,False,Sales Tax Return,2016-11-01T00:00:00,9999-12-31T00:00:00,descriptive_state_level_label,MOSINGLE,1,0,https://s3-us-west-2.amazonaws.com/tax-form-catalog-prd-us-west-2-data/tax-form-catalog/png/1b7e41e5-6ebf-4e31-9099-260d0ba016bc.png,,MO,4,likely_state_or_province_level,PRODUCTION,USMOSINGLE,MO Single
US,False,Sales Tax - Week 3 Prepayment,1900-01-01T00:00:00,9999-12-31T00:00:00,descriptive_state_level_label,MOTHIRDPREPAY,1,0,https://s3-us-west-2.amazonaws.com/tax-form-catalog-prd-us-west-2-data/tax-form-catalog/png/e876668f-d820-49bb-bff3-8a3d3c29c863.png,,MO,2,likely_state_or_province_level,PRODUCTION,USMOTHIRDPREPAY,MO Sales 3rd Prepay
US,False,Sales Tax Return,2026-02-01T00:00:00,9999-12-31T00:00:00,likely_official_or_near_official,MS72010,1,0,https://s3-us-west-2.amazonaws.com/tax-form-catalog-prd-us-west-2-data/tax-form-catalog/png/54753f4c-da5e-4c36-8629-394485404975.png,,MS,106,likely_state_or_province_level,PRODUCTION,USMS72010,MS 72010
US,False,Mississippi Sales Tax Outlet Return,2025-08-01T00:00:00,9999-12-31T00:00:00,likely_official_or_near_official,MS72010OUTLETS,1,0,https://s3-us-west-2.amazonaws.com/tax-form-catalog-prd-us-west-2-data/tax-form-catalog/png/053cc0bf-6fc3-45e2-a00d-068787264a87.png,,MS,95,likely_state_or_province_level,PRODUCTION,USMS72010OUTLETS,MS 72010 Outlets
US,False,Use Tax Return,2025-07-01T00:00:00,9999-12-31T00:00:00,likely_official_or_near_official,MS72110015,1,0,https://s3-us-west-2.amazonaws.com/tax-form-catalog-prd-us-west-2-data/tax-form-catalog/png/4261f636-a036-42b7-a778-5ba93d7d18bf.png,,MS,49,likely_state_or_province_level,PRODUCTION,USMS72110015,MS 72110
US,False,Annual Prepayment,1900-01-01T00:00:00,2020-05-31T00:00:00,descriptive_or_internal_label,MSPREPAYA,1,0,https://s3-us-west-2.amazonaws.com/tax-form-catalog-prd-us-west-2-data/tax-form-catalog/png/6d4fc8d9-4762-4651-8301-6b4c0a634417.png,,MS,2,likely_state_or_province_level,PRODUCTION,USMSPREPAYA,MS Annual Prepayment
US,False,Sales and Use Tax Return,2025-10-01T00:00:00,9999-12-31T00:00:00,likely_official_or_near_official,NCE500E536,1,0,https://s3-us-west-2.amazonaws.com/tax-form-catalog-prd-us-west-2-data/tax-form-catalog/png/d675ab75-1243-445b-a6a3-03abc6d8f48d.png,,NC,138,likely_state_or_province_level,PRODUCTION,USNCE500E536,NC E500 E536
US,False,"Machinery, Equipment, and Fuel Tax Return",2010-09-01T00:00:00,2023-07-31T00:00:00,likely_official_or_near_official,NCE500J,1,0,https://s3-us-west-2.amazonaws.com/tax-form-catalog-prd-us-west-2-data/tax-form-catalog/png/b3072b51-5950-4b9a-ae71-6c6ffc81ea65.png,,NC,4,likely_state_or_province_level,PRODUCTION,USNCE500J,NC E500J
US,False,SST Electronic Return,1900-01-01T00:00:00,9999-12-31T00:00:00,descriptive_state_level_label,NCSER,1,0,https://s3-us-west-2.amazonaws.com/tax-form-catalog-prd-us-west-2-data/tax-form-catalog/png/ff41e382-c720-445d-ba30-294429b4094a.png,,NC,157,likely_state_or_province_level,PRODUCTION,USNCSER,NC SER
US,False,SST Electronic Return,1900-01-01T00:00:00,9999-12-31T00:00:00,descriptive_state_level_label,NDSER,1,0,https://s3-us-west-2.amazonaws.com/tax-form-catalog-prd-us-west-2-data/tax-form-catalog/png/ff41e382-c720-445d-ba30-294429b4094a.png,,ND,157,likely_state_or_province_level,PRODUCTION,USNDSER,ND SER
US,False,"Sales, Use and Gross Receipts Tax",2026-01-01T00:00:00,9999-12-31T00:00:00,likely_official_or_near_official,NDST1,1,0,https://s3-us-west-2.amazonaws.com/tax-form-catalog-prd-us-west-2-data/tax-form-catalog/png/b5defb18-72af-40bc-b65b-ae73e70bcd1d.png,,ND,128,likely_state_or_province_level,PRODUCTION,USNDST1,ND ST1
US,False,Nebraska and Local Sales and Use Tax Return with Schedule II,2026-01-01T00:00:00,9999-12-31T00:00:00,likely_official_or_near_official,NEFORM10COMBINED,1,0,https://s3-us-west-2.amazonaws.com/tax-form-catalog-prd-us-west-2-data/tax-form-catalog/png/b0733751-26e7-4568-9f51-faa361e3094f.png,,NE,242,likely_state_or_province_level,PRODUCTION,USNEFORM10COMBINED,NE Form 10 Combined
US,False,Business Nebraska and Local Use Tax Return,2025-10-01T00:00:00,9999-12-31T00:00:00,descriptive_state_level_label,NEFORM2,1,0,https://s3-us-west-2.amazonaws.com/tax-form-catalog-prd-us-west-2-data/tax-form-catalog/png/3cca42dd-e38c-4ee3-b994-013dfa3851c1.png,,NE,27,likely_state_or_province_level,PRODUCTION,USNEFORM2,NE Form 2
US,False,NE GLD Operation Good Life Other Transactional Tax,1900-01-01T00:00:00,9999-12-31T00:00:00,descriptive_state_level_label,NEGRANDISLANDGLD,1,0,https://s3-us-west-2.amazonaws.com/tax-form-catalog-prd-us-west-2-data/tax-form-catalog/png/4ece9ea3-99f1-4275-b70d-0f649d6681c1.png,,NE,1,likely_state_or_province_level,PRODUCTION,USNEGRANDISLANDGLD,Good Life District Occupation Tax
US,False,SST Electronic Return,1900-01-01T00:00:00,9999-12-31T00:00:00,descriptive_state_level_label,NESER,1,0,https://s3-us-west-2.amazonaws.com/tax-form-catalog-prd-us-west-2-data/tax-form-catalog/png/ff41e382-c720-445d-ba30-294429b4094a.png,,NE,157,likely_state_or_province_level,PRODUCTION,USNESER,NE SER
US,False,SST Electronic Return,1900-01-01T00:00:00,9999-12-31T00:00:00,descriptive_state_level_label,NJSER,1,0,https://s3-us-west-2.amazonaws.com/tax-form-catalog-prd-us-west-2-data/tax-form-catalog/png/ff41e382-c720-445d-ba30-294429b4094a.png,,NJ,157,likely_state_or_province_level,PRODUCTION,USNJSER,NJ SER
US,False,Sports and Entertainment Tax - Millville District,2018-10-01T00:00:00,9999-12-31T00:00:00,likely_official_or_near_official,NJSM100,1,0,https://s3-us-west-2.amazonaws.com/tax-form-catalog-prd-us-west-2-data/tax-form-catalog/png/fbddc3c8-59fd-450c-a68e-3e828215aaa2.png,,NJ,2,likely_state_or_province_level,PRODUCTION,USNJSM100,NJ SM 100
US,False,Sales and Use Tax Quarterly Return,2018-01-01T00:00:00,9999-12-31T00:00:00,likely_official_or_near_official,NJST50,1,0,https://s3-us-west-2.amazonaws.com/tax-form-catalog-prd-us-west-2-data/tax-form-catalog/png/9d46b3ac-1c34-43f0-9cf0-5516ef6f37ca.png,,NJ,47,likely_state_or_province_level,PRODUCTION,USNJST50,NJ ST50
US,False,Sales and Use Tax Monthly Remittance,2018-11-01T00:00:00,9999-12-31T00:00:00,likely_official_or_near_official,NJST51,1,0,https://s3-us-west-2.amazonaws.com/tax-form-catalog-prd-us-west-2-data/tax-form-catalog/png/b52fd05e-ef57-4cfc-8cb5-18c451840c5e.png,,NJ,17,likely_state_or_province_level,PRODUCTION,USNJST51,NJ ST51
US,False,Combined Sales and Use Tax/Urban Enterprise Zones,1900-01-01T00:00:00,9999-12-31T00:00:00,likely_official_or_near_official,NJUZ50,1,0,https://s3-us-west-2.amazonaws.com/tax-form-catalog-prd-us-west-2-data/tax-form-catalog/png/a28abef3-8ab5-40cc-83e0-dad45347c580.png,,NJ,10,likely_state_or_province_level,PRODUCTION,USNJUZ50,NJ UZ50
US,False,Long Form Supplemental Combined Report Sysytem,2016-01-01T00:00:00,2021-06-30T00:00:00,likely_official_or_near_official,NMCRS1LONGFORM,1,0,https://s3-us-west-2.amazonaws.com/tax-form-catalog-prd-us-west-2-data/tax-form-catalog/png/a108fe71-377d-4aa4-a7e4-e9d3a651d6a6.png,,NM,23,likely_state_or_province_level,PRODUCTION,USNMCRS1LONGFORM,NM CRS1 Long Form
US,False,Compensating Tax Return,2021-01-01T00:00:00,9999-12-31T00:00:00,likely_official_or_near_official,NMTRD41412,1,0,https://s3-us-west-2.amazonaws.com/tax-form-catalog-prd-us-west-2-data/tax-form-catalog/png/c50d17cc-2fec-42fe-97be-e9d23be1a9f9.png,,NM,41,likely_state_or_province_level,PRODUCTION,USNMTRD41412,NM TRD 41412
US,False,Gross Receipts Tax Return,2022-07-01T00:00:00,9999-12-31T00:00:00,likely_official_or_near_official,NMTRD41413,1,0,https://s3-us-west-2.amazonaws.com/tax-form-catalog-prd-us-west-2-data/tax-form-catalog/png/b8ce318f-7fe3-493c-9fad-bb3da72a41fa.png,,NM,74,likely_state_or_province_level,PRODUCTION,USNMTRD41413,NM TRD 41413
US,False,Telecommunications Relay Service Surcharge Return,2022-04-01T00:00:00,9999-12-31T00:00:00,likely_official_or_near_official,NMTRS1,1,0,https://s3-us-west-2.amazonaws.com/tax-form-catalog-prd-us-west-2-data/tax-form-catalog/png/937b38f8-aefa-4741-a8ed-92341d01e914.png,,NM,14,likely_state_or_province_level,PRODUCTION,USNMTRS1,NM TRS1
US,False,SST Electronic Return,1900-01-01T00:00:00,9999-12-31T00:00:00,descriptive_state_level_label,NVSER,1,0,https://s3-us-west-2.amazonaws.com/tax-form-catalog-prd-us-west-2-data/tax-form-catalog/png/ff41e382-c720-445d-ba30-294429b4094a.png,,NV,157,likely_state_or_province_level,PRODUCTION,USNVSER,NV SER
US,False,Combined Sales and Use Tax Return,2026-01-01T00:00:00,9999-12-31T00:00:00,likely_official_or_near_official,NVTXR01,1,0,https://s3-us-west-2.amazonaws.com/tax-form-catalog-prd-us-west-2-data/tax-form-catalog/png/5ec91efe-c932-47fa-81b0-9aa61a9074d8.png,,NV,90,likely_state_or_province_level,PRODUCTION,USNVTXR01,NV TXR01
US,False,Consumer Use Tax Return,2026-01-01T00:00:00,9999-12-31T00:00:00,likely_official_or_near_official,NVTXR02,1,0,https://s3-us-west-2.amazonaws.com/tax-form-catalog-prd-us-west-2-data/tax-form-catalog/png/18c0906f-1ce7-4374-b33a-9c074c768e1c.png,,NV,66,likely_state_or_province_level,PRODUCTION,USNVTXR02,NV TXR 02 01
US,False,PrompTax Sales and Use Tax,1900-01-01T00:00:00,9999-12-31T00:00:00,descriptive_state_level_label,NYPROMPTAX,1,0,https://s3-us-west-2.amazonaws.com/tax-form-catalog-prd-us-west-2-data/tax-form-catalog/png/1413d923-afcd-4d9e-815b-533702b45d45.png,,NY,14,likely_state_or_province_level,PRODUCTION,USNYPROMPTAX,NY PrompTax Sales and Use Tax
US,False,Sales Tax Quarterly Return for non Part-Quarterly filers,2025-12-01T00:00:00,9999-12-31T00:00:00,likely_official_or_near_official,NYST100,1,0,https://s3-us-west-2.amazonaws.com/tax-form-catalog-prd-us-west-2-data/tax-form-catalog/png/eb75592e-c959-418b-90d5-c763388660c9.png,,NY,271,likely_state_or_province_level,PRODUCTION,USNYST100,NY ST100
US,False,State and Local Annual Sales Return,2025-03-01T00:00:00,9999-12-31T00:00:00,likely_official_or_near_official,NYST101,1,0,https://s3-us-west-2.amazonaws.com/tax-form-catalog-prd-us-west-2-data/tax-form-catalog/png/f4eb1284-671b-4854-91bc-097d2c18b9e3.png,,NY,181,likely_state_or_province_level,PRODUCTION,USNYST101,NY ST101
US,False,Sales Tax Record of Advance Payment,2018-03-01T00:00:00,9999-12-31T00:00:00,likely_official_or_near_official,NYST330,1,0,https://s3-us-west-2.amazonaws.com/tax-form-catalog-prd-us-west-2-data/tax-form-catalog/png/49c5728b-3a71-4631-8d6e-7ee6b67be9aa.png,,NY,15,likely_state_or_province_level,PRODUCTION,USNYST330,NY ST330
US,False,Sales Tax Return for Part Quarterly (Monthly),2026-01-01T00:00:00,9999-12-31T00:00:00,likely_official_or_near_official,NYST809,1,0,https://s3-us-west-2.amazonaws.com/tax-form-catalog-prd-us-west-2-data/tax-form-catalog/png/a0cad952-538d-4b44-807e-09c83a804d23.png,,NY,128,likely_state_or_province_level,PRODUCTION,USNYST809,NY ST809
US,False,Sales Tax Quarterly Return for Part Quarterly or PrompTax filers,2025-12-01T00:00:00,9999-12-31T00:00:00,likely_official_or_near_official,NYST810,1,0,https://s3-us-west-2.amazonaws.com/tax-form-catalog-prd-us-west-2-data/tax-form-catalog/png/e2369c0b-25db-4b15-8040-ae68c383e907.png,,NY,321,likely_state_or_province_level,PRODUCTION,USNYST810,NY ST810
US,False,Quarterly Sales Tax Return with Promptax Payment,2025-12-01T00:00:00,9999-12-31T00:00:00,descriptive_state_level_label,NYST810PROMPT,1,0,https://s3-us-west-2.amazonaws.com/tax-form-catalog-prd-us-west-2-data/tax-form-catalog/png/e2369c0b-25db-4b15-8040-ae68c383e907.png,,NY,321,likely_state_or_province_level,PRODUCTION,USNYST810PROMPT,NY ST810PROMPT
US,False,Prompt Tax Payments - Electronic Filing and Payment Program,2021-06-01T00:00:00,2021-06-30T00:00:00,likely_official_or_near_official,NYTR682N,1,0,https://s3-us-west-2.amazonaws.com/tax-form-catalog-prd-us-west-2-data/tax-form-catalog/png/3fb9aec5-5f1d-488b-aede-e0647287d9b6.png,,NY,16,likely_state_or_province_level,PRODUCTION,USNYTR682N,NY TR682N
US,False,Community Authority Facilities Charge Remittance Form,1900-01-01T00:00:00,9999-12-31T00:00:00,descriptive_or_internal_label,USOHBERKSHIRECDA,1,0,https://s3-us-west-2.amazonaws.com/tax-form-catalog-prd-us-west-2-data/tax-form-catalog/png/07dd2ca0-49b2-40c1-8286-c0c0fb839ab8.png,,OH,0,likely_state_or_province_level,PRODUCTION,USOHBERKSHIRECDA,Berkshire Landing New Community Authority Facilities Charge Remittance Form
US,False,Liberty Community Authority - CDA Charge Remittance Form,2015-01-01T00:00:00,9999-12-31T00:00:00,descriptive_or_internal_label,OHCDA,1,0,https://s3-us-west-2.amazonaws.com/tax-form-catalog-prd-us-west-2-data/tax-form-catalog/png/ae22147f-f448-4fc4-8aa6-1bc354cb82ec.png,,OH,3,likely_state_or_province_level,PRODUCTION,USOHCDA,OH CDA Remit Form
US,False,Commerical Activity Tax Return,2025-01-01T00:00:00,9999-12-31T00:00:00,descriptive_state_level_label,OHCOMMERCIAL,1,0,https://s3-us-west-2.amazonaws.com/tax-form-catalog-prd-us-west-2-data/tax-form-catalog/png/4006f46b-33f0-492c-80a5-8def90987bbd.png,,OH,15,likely_state_or_province_level,PRODUCTION,USOHCOMMERCIAL,OH Commercial Activity
US,False,SST Electronic Return,1900-01-01T00:00:00,9999-12-31T00:00:00,descriptive_state_level_label,OHSER,1,0,https://s3-us-west-2.amazonaws.com/tax-form-catalog-prd-us-west-2-data/tax-form-catalog/png/ff41e382-c720-445d-ba30-294429b4094a.png,,OH,157,likely_state_or_province_level,PRODUCTION,USOHSER,OH SER
US,False,"Universal Ohio State, County and Transit Sales Tax Return",2026-01-01T00:00:00,9999-12-31T00:00:00,likely_official_or_near_official,OHUST1,1,0,https://s3-us-west-2.amazonaws.com/tax-form-catalog-prd-us-west-2-data/tax-form-catalog/png/55853bc8-04b1-4182-af65-319c025163a8.png,,OH,146,likely_state_or_province_level,PRODUCTION,USOHUST1,OH UST 1
US,False,Universal Use Tax Return,2026-01-01T00:00:00,9999-12-31T00:00:00,likely_official_or_near_official,OHUUT1,1,0,https://s3-us-west-2.amazonaws.com/tax-form-catalog-prd-us-west-2-data/tax-form-catalog/png/6f72b994-a647-444e-af82-73027c4024a4.png,,OH,103,likely_state_or_province_level,PRODUCTION,USOHUUT1,OH UUT 1
US,False,Retailer's Monthly Deposit,2015-10-01T00:00:00,9999-12-31T00:00:00,descriptive_or_internal_label,OKPREPAY,1,0,https://s3-us-west-2.amazonaws.com/tax-form-catalog-prd-us-west-2-data/tax-form-catalog/png/04f4da57-87b3-42af-8115-f1c742f53295.png,,OK,8,likely_state_or_province_level,PRODUCTION,USOKPREPAY,OK Monthly PrePayment
US,False,Oklahoma Consumer Use Tax Return,2022-12-01T00:00:00,9999-12-31T00:00:00,likely_official_or_near_official,OKSCU2000420041,1,0,https://s3-us-west-2.amazonaws.com/tax-form-catalog-prd-us-west-2-data/tax-form-catalog/png/b582770b-b009-40a0-a0a8-96a8a9ae6e43.png,,OK,59,likely_state_or_province_level,PRODUCTION,USOKSCU2000420041,OK SCU 20004 20041
US,False,SST Electronic Return,1900-01-01T00:00:00,9999-12-31T00:00:00,descriptive_state_level_label,OKSER,1,0,https://s3-us-west-2.amazonaws.com/tax-form-catalog-prd-us-west-2-data/tax-form-catalog/png/ff41e382-c720-445d-ba30-294429b4094a.png,,OK,157,likely_state_or_province_level,PRODUCTION,USOKSER,OK SER
US,False,Oklahoma Sales Tax Return,2025-07-01T00:00:00,9999-12-31T00:00:00,likely_official_or_near_official,OKSTS2000220021,1,0,https://s3-us-west-2.amazonaws.com/tax-form-catalog-prd-us-west-2-data/tax-form-catalog/png/b6b2a7eb-090b-43aa-b978-e88dc71056f2.png,,OK,153,likely_state_or_province_level,PRODUCTION,USOKSTS2000220021,OK STS 20002A 20021
US,False,Oklahoma Vendors Use Tax Return,2024-09-01T00:00:00,9999-12-31T00:00:00,likely_official_or_near_official,OKSVU2000520051,1,0,https://s3-us-west-2.amazonaws.com/tax-form-catalog-prd-us-west-2-data/tax-form-catalog/png/77da3496-155e-4279-8db8-d84c9afe41a0.png,,OK,106,likely_state_or_province_level,PRODUCTION,USOKSVU2000520051,OK SVU 20005A 20051
US,False,Oregon Corporate Activity Tax Return - Annual,1900-01-01T00:00:00,9999-12-31T00:00:00,descriptive_state_level_label,ORCAT,1,0,https://s3-us-west-2.amazonaws.com/tax-form-catalog-prd-us-west-2-data/tax-form-catalog/png/99035c42-fde2-4505-a1e8-a0fd90d3c172.png,,OR,2,likely_state_or_province_level,PRODUCTION,USORCAT,OR CAT
US,False,Corporate Activity Tax Return,2023-04-01T00:00:00,9999-12-31T00:00:00,descriptive_state_level_label,ORCORPORATE,1,0,https://s3-us-west-2.amazonaws.com/tax-form-catalog-prd-us-west-2-data/tax-form-catalog/png/0bf7c593-8cca-4e23-bf92-594facee5d02.png,,OR,9,likely_state_or_province_level,PRODUCTION,USORCORPORATE,OR Corporate Activity
US,False,Beacon Mercantile Business and Occupation Tax Return,2023-01-01T00:00:00,9999-12-31T00:00:00,descriptive_state_level_label,PABEACONBO,1,0,https://s3-us-west-2.amazonaws.com/tax-form-catalog-prd-us-west-2-data/tax-form-catalog/png/379b69cd-4f00-4c8f-ba99-78c2afbc8a34.png,,PA,8,likely_state_or_province_level,PRODUCTION,USPABEACONBO,PA Beacon BO
US,False,Cranberry Mercantile Business and Occupation Tax Return,2023-01-01T00:00:00,9999-12-31T00:00:00,descriptive_state_level_label,PACRANBERRYBO,1,0,https://s3-us-west-2.amazonaws.com/tax-form-catalog-prd-us-west-2-data/tax-form-catalog/png/d6cd3430-0bb9-4182-93c9-4bee3f9cf870.png,,PA,7,likely_state_or_province_level,PRODUCTION,USPACRANBERRYBO,PA CRANBERRY BO
US,False,Pennsylvania Certified Service Provider - Remote Seller Program Return,1900-01-01T00:00:00,9999-12-31T00:00:00,descriptive_state_level_label,PACSP,1,0,https://s3-us-west-2.amazonaws.com/tax-form-catalog-prd-us-west-2-data/tax-form-catalog/png/595aab2d-86c1-4895-9468-d3c44f606c2b.png,,PA,31,likely_state_or_province_level,PRODUCTION,USPACSP,PACSP
US,False,Pennsylvania CSP P3R,1900-01-01T00:00:00,9999-12-31T00:00:00,likely_official_or_near_official,PACSPP3R,1,0,https://s3-us-west-2.amazonaws.com/tax-form-catalog-prd-us-west-2-data/tax-form-catalog/png/595aab2d-86c1-4895-9468-d3c44f606c2b.png,,PA,31,likely_state_or_province_level,PRODUCTION,USPACSPP3R,PA CSP P3R
US,False,Pennsylvania CSP Prepay,2015-10-01T00:00:00,9999-12-31T00:00:00,descriptive_or_internal_label,PACSPPREPAY,1,0,https://s3-us-west-2.amazonaws.com/tax-form-catalog-prd-us-west-2-data/tax-form-catalog/png/aedcd5dd-755a-479a-b492-ac19a0ba1094.png,,PA,6,likely_state_or_province_level,PRODUCTION,USPACSPPREPAY,PA CSP Prepay
US,False,Hempfield Township Business Privileged / Mercantile Quarterly Tax Return,2024-01-01T00:00:00,9999-12-31T00:00:00,descriptive_state_level_label,PAHEMPFIELDBO,1,0,https://s3-us-west-2.amazonaws.com/tax-form-catalog-prd-us-west-2-data/tax-form-catalog/png/e6d52052-b9f6-41ec-bae8-5e902b20095c.png,,PA,19,likely_state_or_province_level,PRODUCTION,USPAHEMPFIELDBO,PA HEMPFIELD BO
US,False,New Castle Mercantile Business and Occupation Tax Return,2023-01-01T00:00:00,9999-12-31T00:00:00,descriptive_state_level_label,PANEWCASTLEBO,1,0,https://s3-us-west-2.amazonaws.com/tax-form-catalog-prd-us-west-2-data/tax-form-catalog/png/a9b0c864-e099-4e59-ae95-4b4ec7bad50a.png,,PA,14,likely_state_or_province_level,PRODUCTION,USPANEWCASTLEBO,PA NEW CASTLE BO
US,False,Use Tax Return,2014-10-01T00:00:00,9999-12-31T00:00:00,likely_official_or_near_official,PAPA1,1,0,https://s3-us-west-2.amazonaws.com/tax-form-catalog-prd-us-west-2-data/tax-form-catalog/png/a8e0c243-bdec-44d1-8a13-0ea780a5f777.png,,PA,2,likely_state_or_province_level,PRODUCTION,USPAPA1,PA 1
US,False,"PA Sales, Use and Hotel Occupancy Tax Return",2018-04-01T00:00:00,9999-12-31T00:00:00,likely_official_or_near_official,PAPA3R,1,0,https://s3-us-west-2.amazonaws.com/tax-form-catalog-prd-us-west-2-data/tax-form-catalog/png/a6565c1f-84d4-4937-91f8-3ca1100c5db9.png,,PA,53,likely_state_or_province_level,PRODUCTION,USPAPA3R,PA3R
US,False,"Sales, Use and Hotel Occupancy Tax Return Prepayment",2015-10-01T00:00:00,9999-12-31T00:00:00,descriptive_state_level_label,PAPREPAY,1,0,https://s3-us-west-2.amazonaws.com/tax-form-catalog-prd-us-west-2-data/tax-form-catalog/png/aedcd5dd-755a-479a-b492-ac19a0ba1094.png,,PA,6,likely_state_or_province_level,PRODUCTION,USPAPREPAY,PA Monthly PrePayment
US,False,Public Transportation Assistance Tax and Fee Return,1900-01-01T00:00:00,9999-12-31T00:00:00,descriptive_state_level_label,PAPTA,1,0,https://s3-us-west-2.amazonaws.com/tax-form-catalog-prd-us-west-2-data/tax-form-catalog/png/55d32a74-29db-43bb-8fd6-31ba2d2be4e9.png,,PA,2,likely_state_or_province_level,PRODUCTION,USPAPTA,PA PTA
US,False,Reading Mercantile Business and Occupation Tax Return,2021-01-01T00:00:00,9999-12-31T00:00:00,descriptive_state_level_label,PAREADINGBO,1,0,https://s3-us-west-2.amazonaws.com/tax-form-catalog-prd-us-west-2-data/tax-form-catalog/png/e9181aec-6906-49b9-9e10-18bd0d79c16f.png,,PA,5,likely_state_or_province_level,PRODUCTION,USPAREADINGBO,PA READING BO
US,False,Trinity School District Quarterly Mercantile Tax Return,2021-04-01T00:00:00,9999-12-31T00:00:00,descriptive_state_level_label,PATRINITYBO,1,0,https://s3-us-west-2.amazonaws.com/tax-form-catalog-prd-us-west-2-data/tax-form-catalog/png/5d68957e-f113-4633-be5d-13009d5b0a2d.png,,PA,21,likely_state_or_province_level,PRODUCTION,USPATRINTITYBO,PA TRINITY BO
US,False,West Mifflin B&O Mercantile Return,2022-12-01T00:00:00,9999-12-31T00:00:00,descriptive_state_level_label,PAWESTMIFFLINBO,1,0,https://s3-us-west-2.amazonaws.com/tax-form-catalog-prd-us-west-2-data/tax-form-catalog/png/5c9f640d-dd2d-48ab-b0fe-ce36e1c8d6b5.png,,PA,9,likely_state_or_province_level,PRODUCTION,USPAWESTMIFFLINBO,PA WESTMIFFLIN BO
US,False,York Mercantile Business and Occupation Tax Return,2023-09-01T00:00:00,9999-12-31T00:00:00,descriptive_state_level_label,PAYORKBO,1,0,https://s3-us-west-2.amazonaws.com/tax-form-catalog-prd-us-west-2-data/tax-form-catalog/png/417d3367-f129-4d3a-823a-8f563aeb9695.png,,PA,4,likely_state_or_province_level,PRODUCTION,USPAYORKBO,PA YORK BO
US,False,Declaration for the Municipal Citizen Contribution on Retail Sales,2017-06-01T00:00:00,9999-12-31T00:00:00,descriptive_or_internal_label,PRADJUNTAS,1,0,https://s3-us-west-2.amazonaws.com/tax-form-catalog-prd-us-west-2-data/tax-form-catalog/png/6aa84c6e-0319-4f68-99dc-098e5d8f292e.png,,PR,6,likely_state_or_province_level,PRODUCTION,USPRADJUNTAS,PR Adjuntas
US,False,Declaración de la Aportación Ciudadana sobre las Ventas,2017-06-01T00:00:00,9999-12-31T00:00:00,descriptive_or_internal_label,PRAGUADA,1,0,https://s3-us-west-2.amazonaws.com/tax-form-catalog-prd-us-west-2-data/tax-form-catalog/png/6aa84c6e-0319-4f68-99dc-098e5d8f292e.png,,PR,6,likely_state_or_province_level,PRODUCTION,USPRAGUADA,PR Aguada
US,False,Declaración de la Aportación Ciudadana sobre las Ventas,2017-06-01T00:00:00,9999-12-31T00:00:00,descriptive_or_internal_label,PRAGUADILLA,1,0,https://s3-us-west-2.amazonaws.com/tax-form-catalog-prd-us-west-2-data/tax-form-catalog/png/6aa84c6e-0319-4f68-99dc-098e5d8f292e.png,,PR,6,likely_state_or_province_level,PRODUCTION,USPRAGUADILLA,PR Aguadilla
US,False,Declaration for the Municipal Citizen Contribution on Retail Sales,2017-06-01T00:00:00,9999-12-31T00:00:00,descriptive_or_internal_label,PRAGUASBUENAS,1,0,https://s3-us-west-2.amazonaws.com/tax-form-catalog-prd-us-west-2-data/tax-form-catalog/png/6aa84c6e-0319-4f68-99dc-098e5d8f292e.png,,PR,6,likely_state_or_province_level,PRODUCTION,USPRAGUASBUENAS,PR Aguas Buenas
US,False,Declaración de la Aportación Ciudadana sobre las Ventas,2017-06-01T00:00:00,9999-12-31T00:00:00,descriptive_or_internal_label,PRAIBONITO,1,0,https://s3-us-west-2.amazonaws.com/tax-form-catalog-prd-us-west-2-data/tax-form-catalog/png/6aa84c6e-0319-4f68-99dc-098e5d8f292e.png,,PR,6,likely_state_or_province_level,PRODUCTION,USPRAIBONITO,PR Aibonito
US,False,Declaración de la Aportación Ciudadana sobre las Ventas,2017-06-01T00:00:00,9999-12-31T00:00:00,descriptive_or_internal_label,PRANASCO,1,0,https://s3-us-west-2.amazonaws.com/tax-form-catalog-prd-us-west-2-data/tax-form-catalog/png/6aa84c6e-0319-4f68-99dc-098e5d8f292e.png,,PR,6,likely_state_or_province_level,PRODUCTION,USPRANASCO,PR Anasco
US,False,Declaration for the Municipal Citizen Contribution on Retail Sales,2017-06-01T00:00:00,9999-12-31T00:00:00,descriptive_or_internal_label,PRARECIBO,1,0,https://s3-us-west-2.amazonaws.com/tax-form-catalog-prd-us-west-2-data/tax-form-catalog/png/6aa84c6e-0319-4f68-99dc-098e5d8f292e.png,,PR,6,likely_state_or_province_level,PRODUCTION,USPRARECIBO,PR Arecibo
US,False,Declaración de la Aportación Ciudadana sobre las Ventas,2017-06-01T00:00:00,9999-12-31T00:00:00,descriptive_or_internal_label,PRARROYO,1,0,https://s3-us-west-2.amazonaws.com/tax-form-catalog-prd-us-west-2-data/tax-form-catalog/png/6aa84c6e-0319-4f68-99dc-098e5d8f292e.png,,PR,6,likely_state_or_province_level,PRODUCTION,USPRARROYO,PR Arroyo
US,False,Declaration for the Municipal Citizen Contribution on Retail Sales,2017-06-01T00:00:00,9999-12-31T00:00:00,descriptive_or_internal_label,PRBARCELONETA,1,0,https://s3-us-west-2.amazonaws.com/tax-form-catalog-prd-us-west-2-data/tax-form-catalog/png/6aa84c6e-0319-4f68-99dc-098e5d8f292e.png,,PR,6,likely_state_or_province_level,PRODUCTION,USPRBARCELONETA,PR Barceloneta
US,False,Declaración de la Aportación Ciudadana sobre las Ventas,2017-06-01T00:00:00,9999-12-31T00:00:00,descriptive_or_internal_label,PRBARRANQUITAS,1,0,https://s3-us-west-2.amazonaws.com/tax-form-catalog-prd-us-west-2-data/tax-form-catalog/png/6aa84c6e-0319-4f68-99dc-098e5d8f292e.png,,PR,6,likely_state_or_province_level,PRODUCTION,USPRBARRANQUITAS,PR Barranquitas
US,False,Declaración de la Aportación Ciudadana sobre las Ventas,2017-06-01T00:00:00,9999-12-31T00:00:00,descriptive_or_internal_label,PRBAYAMON,1,0,https://s3-us-west-2.amazonaws.com/tax-form-catalog-prd-us-west-2-data/tax-form-catalog/png/6aa84c6e-0319-4f68-99dc-098e5d8f292e.png,,PR,6,likely_state_or_province_level,PRODUCTION,USPRBAYAMON,PR Bayamon
US,False,Declaration for the Municipal Citizen Contribution on Retail Sales,2017-06-01T00:00:00,9999-12-31T00:00:00,descriptive_or_internal_label,PRCABOROJO,1,0,https://s3-us-west-2.amazonaws.com/tax-form-catalog-prd-us-west-2-data/tax-form-catalog/png/6aa84c6e-0319-4f68-99dc-098e5d8f292e.png,,PR,6,likely_state_or_province_level,PRODUCTION,USPRCABOROJO,PR Cabo Rojo
US,False,Declaration for the Municipal Citizen Contribution on Retail Sales,2017-06-01T00:00:00,9999-12-31T00:00:00,descriptive_or_internal_label,PRCAGUAS,1,0,https://s3-us-west-2.amazonaws.com/tax-form-catalog-prd-us-west-2-data/tax-form-catalog/png/6aa84c6e-0319-4f68-99dc-098e5d8f292e.png,,PR,6,likely_state_or_province_level,PRODUCTION,USPRCAGUAS,PR Caguas
US,False,Declaration for the Municipal Citizen Contribution on Retail Sales,2017-06-01T00:00:00,9999-12-31T00:00:00,descriptive_or_internal_label,PRCAMUY,1,0,https://s3-us-west-2.amazonaws.com/tax-form-catalog-prd-us-west-2-data/tax-form-catalog/png/6aa84c6e-0319-4f68-99dc-098e5d8f292e.png,,PR,6,likely_state_or_province_level,PRODUCTION,USPRCAMUY,PR Camuy
US,False,Declaration for the Municipal Citizen Contribution on Retail Sales,2017-06-01T00:00:00,9999-12-31T00:00:00,descriptive_or_internal_label,PRCANOVANAS,1,0,https://s3-us-west-2.amazonaws.com/tax-form-catalog-prd-us-west-2-data/tax-form-catalog/png/6aa84c6e-0319-4f68-99dc-098e5d8f292e.png,,PR,6,likely_state_or_province_level,PRODUCTION,USPRCANOVANAS,PR Canovanas
US,False,Declaration for the Municipal Citizen Contribution on Retail Sales,2017-06-01T00:00:00,9999-12-31T00:00:00,descriptive_or_internal_label,PRCAROLINA,1,0,https://s3-us-west-2.amazonaws.com/tax-form-catalog-prd-us-west-2-data/tax-form-catalog/png/6aa84c6e-0319-4f68-99dc-098e5d8f292e.png,,PR,6,likely_state_or_province_level,PRODUCTION,USPRCAROLINA,PR Carolina
US,False,Declaration for the Municipal Citizen Contribution on Retail Sales,2017-06-01T00:00:00,9999-12-31T00:00:00,descriptive_or_internal_label,PRCATANO,1,0,https://s3-us-west-2.amazonaws.com/tax-form-catalog-prd-us-west-2-data/tax-form-catalog/png/6aa84c6e-0319-4f68-99dc-098e5d8f292e.png,,PR,6,likely_state_or_province_level,PRODUCTION,USPRCATANO,PR Catano
US,False,Declaration for the Municipal Citizen Contribution on Retail Sales,2017-06-01T00:00:00,9999-12-31T00:00:00,descriptive_or_internal_label,PRCAYEY,1,0,https://s3-us-west-2.amazonaws.com/tax-form-catalog-prd-us-west-2-data/tax-form-catalog/png/6aa84c6e-0319-4f68-99dc-098e5d8f292e.png,,PR,6,likely_state_or_province_level,PRODUCTION,USPRCAYEY,PR Cayey
US,False,Declaration for the Municipal Citizen Contribution on Retail Sales,2017-06-01T00:00:00,9999-12-31T00:00:00,descriptive_or_internal_label,PRCEIBA,1,0,https://s3-us-west-2.amazonaws.com/tax-form-catalog-prd-us-west-2-data/tax-form-catalog/png/6aa84c6e-0319-4f68-99dc-098e5d8f292e.png,,PR,6,likely_state_or_province_level,PRODUCTION,USPRCEIBA,PR Ceiba
US,False,Declaración de la Aportación Ciudadana sobre las Ventas,2017-06-01T00:00:00,9999-12-31T00:00:00,descriptive_or_internal_label,PRCIALES,1,0,https://s3-us-west-2.amazonaws.com/tax-form-catalog-prd-us-west-2-data/tax-form-catalog/png/6aa84c6e-0319-4f68-99dc-098e5d8f292e.png,,PR,6,likely_state_or_province_level,PRODUCTION,USPRCIALES,PR Ciales
US,False,Declaration for the Municipal Citizen Contribution on Retail Sales,2017-06-01T00:00:00,9999-12-31T00:00:00,descriptive_or_internal_label,PRCIDRA,1,0,https://s3-us-west-2.amazonaws.com/tax-form-catalog-prd-us-west-2-data/tax-form-catalog/png/6aa84c6e-0319-4f68-99dc-098e5d8f292e.png,,PR,6,likely_state_or_province_level,PRODUCTION,USPRCIDRA,PR Cidra
US,False,Declaration for the Municipal Citizen Contribution on Retail Sales,2017-06-01T00:00:00,9999-12-31T00:00:00,descriptive_or_internal_label,PRCOAMO,1,0,https://s3-us-west-2.amazonaws.com/tax-form-catalog-prd-us-west-2-data/tax-form-catalog/png/6aa84c6e-0319-4f68-99dc-098e5d8f292e.png,,PR,6,likely_state_or_province_level,PRODUCTION,USPRCOAMO,PR Coamo
US,False,Declaración de la Aportación Ciudadana sobre las Ventas,2017-06-01T00:00:00,9999-12-31T00:00:00,descriptive_or_internal_label,PRCOMERIO,1,0,https://s3-us-west-2.amazonaws.com/tax-form-catalog-prd-us-west-2-data/tax-form-catalog/png/6aa84c6e-0319-4f68-99dc-098e5d8f292e.png,,PR,6,likely_state_or_province_level,PRODUCTION,USPRCOMERIO,PR Comerio
US,False,Generic Sales/Use Tax Return,2017-06-01T00:00:00,9999-12-31T00:00:00,descriptive_state_level_label,PRCOROZAL,1,0,https://s3-us-west-2.amazonaws.com/tax-form-catalog-prd-us-west-2-data/tax-form-catalog/png/6aa84c6e-0319-4f68-99dc-098e5d8f292e.png,,PR,6,likely_state_or_province_level,PRODUCTION,USPRCOROZAL,USPRCOROZAL
US,False,Declaración de la Aportación Ciudadana sobre las Ventas,2017-06-01T00:00:00,9999-12-31T00:00:00,descriptive_or_internal_label,PRCULEBRA,1,0,https://s3-us-west-2.amazonaws.com/tax-form-catalog-prd-us-west-2-data/tax-form-catalog/png/6aa84c6e-0319-4f68-99dc-098e5d8f292e.png,,PR,6,likely_state_or_province_level,PRODUCTION,USPRCULEBRA,PR Culebra
US,False,Declaration for the Municipal Citizen Contribution on Retail Sales,2017-06-01T00:00:00,9999-12-31T00:00:00,descriptive_or_internal_label,PRDORADO,1,0,https://s3-us-west-2.amazonaws.com/tax-form-catalog-prd-us-west-2-data/tax-form-catalog/png/6aa84c6e-0319-4f68-99dc-098e5d8f292e.png,,PR,6,likely_state_or_province_level,PRODUCTION,USPRDORADO,PR Dorado
US,False,Declaration for the Municipal Citizen Contribution on Retail Sales,2017-06-01T00:00:00,9999-12-31T00:00:00,descriptive_or_internal_label,PRFAJARDO,1,0,https://s3-us-west-2.amazonaws.com/tax-form-catalog-prd-us-west-2-data/tax-form-catalog/png/6aa84c6e-0319-4f68-99dc-098e5d8f292e.png,,PR,6,likely_state_or_province_level,PRODUCTION,USPRFAJARDO,PR Fajardo
US,False,Declaration for the Municipal Citizen Contribution on Retail Sales,2017-06-01T00:00:00,9999-12-31T00:00:00,descriptive_or_internal_label,PRFLORIDA,1,0,https://s3-us-west-2.amazonaws.com/tax-form-catalog-prd-us-west-2-data/tax-form-catalog/png/6aa84c6e-0319-4f68-99dc-098e5d8f292e.png,,PR,6,likely_state_or_province_level,PRODUCTION,USPRFLORIDA,PR Florida
US,False,Declaración de la Aportación Ciudadana sobre las Ventas,2017-06-01T00:00:00,9999-12-31T00:00:00,descriptive_or_internal_label,PRGUANICA,1,0,https://s3-us-west-2.amazonaws.com/tax-form-catalog-prd-us-west-2-data/tax-form-catalog/png/6aa84c6e-0319-4f68-99dc-098e5d8f292e.png,,PR,6,likely_state_or_province_level,PRODUCTION,USPRGUANICA,PR Guanica
US,False,Declaration for the Municipal Citizen Contribution on Retail Sales,2017-06-01T00:00:00,9999-12-31T00:00:00,descriptive_or_internal_label,PRGUAYAMA,1,0,https://s3-us-west-2.amazonaws.com/tax-form-catalog-prd-us-west-2-data/tax-form-catalog/png/6aa84c6e-0319-4f68-99dc-098e5d8f292e.png,,PR,6,likely_state_or_province_level,PRODUCTION,USPRGUAYAMA,PR Guayama
US,False,Declaration for the Municipal Citizen Contribution on Retail Sales,2017-06-01T00:00:00,9999-12-31T00:00:00,descriptive_or_internal_label,PRGUAYANILLA,1,0,https://s3-us-west-2.amazonaws.com/tax-form-catalog-prd-us-west-2-data/tax-form-catalog/png/6aa84c6e-0319-4f68-99dc-098e5d8f292e.png,,PR,6,likely_state_or_province_level,PRODUCTION,USPRGUAYANILLA,PR Guayanilla
US,False,Declaration for the Municipal Citizen Contribution on Retail Sales,2017-06-01T00:00:00,9999-12-31T00:00:00,descriptive_or_internal_label,PRGUAYNABO,1,0,https://s3-us-west-2.amazonaws.com/tax-form-catalog-prd-us-west-2-data/tax-form-catalog/png/6aa84c6e-0319-4f68-99dc-098e5d8f292e.png,,PR,6,likely_state_or_province_level,PRODUCTION,USPRGUAYNABO,PR Guaynabo
US,False,Declaration for the Municipal Citizen Contribution on Retail Sales,2017-06-01T00:00:00,9999-12-31T00:00:00,descriptive_or_internal_label,PRGURABO,1,0,https://s3-us-west-2.amazonaws.com/tax-form-catalog-prd-us-west-2-data/tax-form-catalog/png/6aa84c6e-0319-4f68-99dc-098e5d8f292e.png,,PR,6,likely_state_or_province_level,PRODUCTION,USPRGURABO,PR Gurabo
US,False,Declaración de la Aportación Ciudadana sobre las Ventas,2017-06-01T00:00:00,9999-12-31T00:00:00,descriptive_or_internal_label,PRHATILLO,1,0,https://s3-us-west-2.amazonaws.com/tax-form-catalog-prd-us-west-2-data/tax-form-catalog/png/6aa84c6e-0319-4f68-99dc-098e5d8f292e.png,,PR,6,likely_state_or_province_level,PRODUCTION,USPRHATILLO,PR Hatillo
US,False,Declaration for the Municipal Citizen Contribution on Retail Sales,2017-06-01T00:00:00,9999-12-31T00:00:00,descriptive_or_internal_label,PRHORMIGUEROS,1,0,https://s3-us-west-2.amazonaws.com/tax-form-catalog-prd-us-west-2-data/tax-form-catalog/png/6aa84c6e-0319-4f68-99dc-098e5d8f292e.png,,PR,6,likely_state_or_province_level,PRODUCTION,USPRHORMIGUEROS,PR Hormigueros
US,False,Declaration for the Municipal Citizen Contribution on Retail Sales,2017-06-01T00:00:00,9999-12-31T00:00:00,descriptive_or_internal_label,PRHUMACAO,1,0,https://s3-us-west-2.amazonaws.com/tax-form-catalog-prd-us-west-2-data/tax-form-catalog/png/6aa84c6e-0319-4f68-99dc-098e5d8f292e.png,,PR,6,likely_state_or_province_level,PRODUCTION,USPRHUMACAO,PR Humacao
US,False,Declaration for the Municipal Citizen Contribution on Retail Sales,2017-06-01T00:00:00,9999-12-31T00:00:00,descriptive_or_internal_label,PRISABELA,1,0,https://s3-us-west-2.amazonaws.com/tax-form-catalog-prd-us-west-2-data/tax-form-catalog/png/6aa84c6e-0319-4f68-99dc-098e5d8f292e.png,,PR,6,likely_state_or_province_level,PRODUCTION,USPRISABELA,PR Isabela
US,False,Declaration for the Municipal Citizen Contribution on Retail Sales,2017-06-01T00:00:00,9999-12-31T00:00:00,descriptive_or_internal_label,PRJAYUYA,1,0,https://s3-us-west-2.amazonaws.com/tax-form-catalog-prd-us-west-2-data/tax-form-catalog/png/6aa84c6e-0319-4f68-99dc-098e5d8f292e.png,,PR,6,likely_state_or_province_level,PRODUCTION,USPRJAYUYA,PR Jayuya
US,False,Declaration for the Municipal Citizen Contribution on Retail Sales,2017-06-01T00:00:00,9999-12-31T00:00:00,descriptive_or_internal_label,PRJUANADIAZ,1,0,https://s3-us-west-2.amazonaws.com/tax-form-catalog-prd-us-west-2-data/tax-form-catalog/png/6aa84c6e-0319-4f68-99dc-098e5d8f292e.png,,PR,6,likely_state_or_province_level,PRODUCTION,USPRJUANADIAZ,PR Juana Diaz
US,False,Declaración de la Aportación Ciudadana sobre las Ventas,2017-06-01T00:00:00,9999-12-31T00:00:00,descriptive_or_internal_label,PRJUNCOS,1,0,https://s3-us-west-2.amazonaws.com/tax-form-catalog-prd-us-west-2-data/tax-form-catalog/png/6aa84c6e-0319-4f68-99dc-098e5d8f292e.png,,PR,6,likely_state_or_province_level,PRODUCTION,USPRJUNCOS,PR Juncos
US,False,Declaración de la Aportación Ciudadana sobre las Ventas,2017-06-01T00:00:00,9999-12-31T00:00:00,descriptive_or_internal_label,PRLAJAS,1,0,https://s3-us-west-2.amazonaws.com/tax-form-catalog-prd-us-west-2-data/tax-form-catalog/png/6aa84c6e-0319-4f68-99dc-098e5d8f292e.png,,PR,6,likely_state_or_province_level,PRODUCTION,USPRLAJAS,PR Lajas
US,False,Declaración de la Aportación Ciudadana sobre las Ventas,2017-06-01T00:00:00,9999-12-31T00:00:00,descriptive_or_internal_label,PRLARES,1,0,https://s3-us-west-2.amazonaws.com/tax-form-catalog-prd-us-west-2-data/tax-form-catalog/png/6aa84c6e-0319-4f68-99dc-098e5d8f292e.png,,PR,6,likely_state_or_province_level,PRODUCTION,USPRLARES,PR Lares
US,False,Declaration for the Municipal Citizen Contribution on Retail Sales,2017-06-01T00:00:00,9999-12-31T00:00:00,descriptive_or_internal_label,PRLASMARIAS,1,0,https://s3-us-west-2.amazonaws.com/tax-form-catalog-prd-us-west-2-data/tax-form-catalog/png/6aa84c6e-0319-4f68-99dc-098e5d8f292e.png,,PR,6,likely_state_or_province_level,PRODUCTION,USPRLASMARIAS,PR Las Marias
US,False,Declaration for the Municipal Citizen Contribution on Retail Sales,2017-06-01T00:00:00,9999-12-31T00:00:00,descriptive_or_internal_label,PRLASPIEDRAS,1,0,https://s3-us-west-2.amazonaws.com/tax-form-catalog-prd-us-west-2-data/tax-form-catalog/png/6aa84c6e-0319-4f68-99dc-098e5d8f292e.png,,PR,6,likely_state_or_province_level,PRODUCTION,USPRLASPIEDRAS,PR Las Piedras
US,False,Declaration for the Municipal Citizen Contribution on Retail Sales,2017-06-01T00:00:00,9999-12-31T00:00:00,descriptive_or_internal_label,PRLOIZA,1,0,https://s3-us-west-2.amazonaws.com/tax-form-catalog-prd-us-west-2-data/tax-form-catalog/png/6aa84c6e-0319-4f68-99dc-098e5d8f292e.png,,PR,6,likely_state_or_province_level,PRODUCTION,USPRLOIZA,PR Loiza
US,False,Declaration for the Municipal Citizen Contribution on Retail Sales,2017-06-01T00:00:00,9999-12-31T00:00:00,descriptive_or_internal_label,PRLUQUILLO,1,0,https://s3-us-west-2.amazonaws.com/tax-form-catalog-prd-us-west-2-data/tax-form-catalog/png/6aa84c6e-0319-4f68-99dc-098e5d8f292e.png,,PR,6,likely_state_or_province_level,PRODUCTION,USPRLUQUILLO,PR Luquillo
US,False,Declaration for the Municipal Citizen Contribution on Retail Sales,2017-06-01T00:00:00,9999-12-31T00:00:00,descriptive_or_internal_label,PRMANATI,1,0,https://s3-us-west-2.amazonaws.com/tax-form-catalog-prd-us-west-2-data/tax-form-catalog/png/6aa84c6e-0319-4f68-99dc-098e5d8f292e.png,,PR,6,likely_state_or_province_level,PRODUCTION,USPRMANATI,PR Manati
US,False,Declaración de la Aportación Ciudadana sobre las Ventas,2017-06-01T00:00:00,9999-12-31T00:00:00,descriptive_or_internal_label,PRMARICAO,1,0,https://s3-us-west-2.amazonaws.com/tax-form-catalog-prd-us-west-2-data/tax-form-catalog/png/6aa84c6e-0319-4f68-99dc-098e5d8f292e.png,,PR,6,likely_state_or_province_level,PRODUCTION,USPRMARICAO,PR Maricao
US,False,Master Form for all PR Municipalities,2017-06-01T00:00:00,9999-12-31T00:00:00,descriptive_or_internal_label,PRMASTER,1,0,https://s3-us-west-2.amazonaws.com/tax-form-catalog-prd-us-west-2-data/tax-form-catalog/png/6aa84c6e-0319-4f68-99dc-098e5d8f292e.png,,PR,6,likely_state_or_province_level,PRODUCTION,USPRMASTER,PR Master
US,False,Declaración de la Aportación Ciudadana sobre las Ventas,2017-06-01T00:00:00,9999-12-31T00:00:00,descriptive_or_internal_label,PRMAUNABO,1,0,https://s3-us-west-2.amazonaws.com/tax-form-catalog-prd-us-west-2-data/tax-form-catalog/png/6aa84c6e-0319-4f68-99dc-098e5d8f292e.png,,PR,6,likely_state_or_province_level,PRODUCTION,USPRMAUNABO,PR Maunabo
US,False,Declaration for the Municipal Citizen Contribution on Retail Sales,2017-06-01T00:00:00,9999-12-31T00:00:00,descriptive_or_internal_label,PRMAYAGUEZ,1,0,https://s3-us-west-2.amazonaws.com/tax-form-catalog-prd-us-west-2-data/tax-form-catalog/png/6aa84c6e-0319-4f68-99dc-098e5d8f292e.png,,PR,6,likely_state_or_province_level,PRODUCTION,USPRMAYAGUEZ,PR Mayaguez
US,False,Declaration for the Municipal Citizen Contribution on Retail Sales,2017-06-01T00:00:00,9999-12-31T00:00:00,descriptive_or_internal_label,PRMOCA,1,0,https://s3-us-west-2.amazonaws.com/tax-form-catalog-prd-us-west-2-data/tax-form-catalog/png/6aa84c6e-0319-4f68-99dc-098e5d8f292e.png,,PR,6,likely_state_or_province_level,PRODUCTION,USPRMOCA,PR Moca
US,False,Declaration for the Municipal Citizen Contribution on Retail Sales,2017-06-01T00:00:00,9999-12-31T00:00:00,descriptive_or_internal_label,PRMOROVIS,1,0,https://s3-us-west-2.amazonaws.com/tax-form-catalog-prd-us-west-2-data/tax-form-catalog/png/6aa84c6e-0319-4f68-99dc-098e5d8f292e.png,,PR,6,likely_state_or_province_level,PRODUCTION,USPRMOROVIS,PR Morovis
US,False,Declaración de la Aportación Ciudadana sobre las Ventas,2017-06-01T00:00:00,9999-12-31T00:00:00,descriptive_or_internal_label,PRNAGUABO,1,0,https://s3-us-west-2.amazonaws.com/tax-form-catalog-prd-us-west-2-data/tax-form-catalog/png/6aa84c6e-0319-4f68-99dc-098e5d8f292e.png,,PR,6,likely_state_or_province_level,PRODUCTION,USPRNAGUABO,PR Naguabo
US,False,Declaration for the Municipal Citizen Contribution on Retail Sales,2017-06-01T00:00:00,9999-12-31T00:00:00,descriptive_or_internal_label,PRNARANJITO,1,0,https://s3-us-west-2.amazonaws.com/tax-form-catalog-prd-us-west-2-data/tax-form-catalog/png/6aa84c6e-0319-4f68-99dc-098e5d8f292e.png,,PR,6,likely_state_or_province_level,PRODUCTION,USPRNARANJITO,PR Naranjito
US,False,Declaration for the Municipal Citizen Contribution on Retail Sales,2017-06-01T00:00:00,9999-12-31T00:00:00,descriptive_or_internal_label,PROROCOVIS,1,0,https://s3-us-west-2.amazonaws.com/tax-form-catalog-prd-us-west-2-data/tax-form-catalog/png/6aa84c6e-0319-4f68-99dc-098e5d8f292e.png,,PR,6,likely_state_or_province_level,PRODUCTION,USPROROCOVIS,PR Orocovis
US,False,Declaración de la Aportación Ciudadana sobre las Ventas,2017-06-01T00:00:00,9999-12-31T00:00:00,descriptive_or_internal_label,PRPATILLAS,1,0,https://s3-us-west-2.amazonaws.com/tax-form-catalog-prd-us-west-2-data/tax-form-catalog/png/6aa84c6e-0319-4f68-99dc-098e5d8f292e.png,,PR,6,likely_state_or_province_level,PRODUCTION,USPRPATILLAS,PR Patillas
US,False,Declaración de la Aportación Ciudadana sobre las Ventas,2017-06-01T00:00:00,9999-12-31T00:00:00,descriptive_or_internal_label,PRPENUELAS,1,0,https://s3-us-west-2.amazonaws.com/tax-form-catalog-prd-us-west-2-data/tax-form-catalog/png/6aa84c6e-0319-4f68-99dc-098e5d8f292e.png,,PR,6,likely_state_or_province_level,PRODUCTION,USPRPENUELAS,PR Penuelas
US,False,Declaration for the Municipal Citizen Contribution on Retail Sales,2017-06-01T00:00:00,9999-12-31T00:00:00,descriptive_or_internal_label,PRPONCE,1,0,https://s3-us-west-2.amazonaws.com/tax-form-catalog-prd-us-west-2-data/tax-form-catalog/png/6aa84c6e-0319-4f68-99dc-098e5d8f292e.png,,PR,6,likely_state_or_province_level,PRODUCTION,USPRPONCE,PR Ponce
US,False,Sales and Use Tax Monthly Return,2023-05-01T00:00:00,9999-12-31T00:00:00,descriptive_state_level_label,PRPUERTORICO,1,0,https://s3-us-west-2.amazonaws.com/tax-form-catalog-prd-us-west-2-data/tax-form-catalog/png/7ec11243-267c-41f6-88f8-3ab1877e89a3.png,,PR,59,likely_state_or_province_level,PRODUCTION,USPRPUERTORICO,PR Puerto Rico
US,False,Puerto Rico State return for taxpayers reporting municipal taxes separately (typical for taxpayers with physical presence in Puerto Rico),2023-05-01T00:00:00,9999-12-31T00:00:00,descriptive_state_level_label,PRPUERTORICOPHYSICALLOCATIONS,1,0,https://s3-us-west-2.amazonaws.com/tax-form-catalog-prd-us-west-2-data/tax-form-catalog/png/7ec11243-267c-41f6-88f8-3ab1877e89a3.png,,PR,59,likely_state_or_province_level,PRODUCTION,USPRPUERTORICOPHYSICALLOCATIONS,PR Puerto Rico Physical Locations
US,False,Declaración de la Aportación Ciudadana sobre las Ventas,2017-06-01T00:00:00,9999-12-31T00:00:00,descriptive_or_internal_label,PRQUEBRADILLAS,1,0,https://s3-us-west-2.amazonaws.com/tax-form-catalog-prd-us-west-2-data/tax-form-catalog/png/6aa84c6e-0319-4f68-99dc-098e5d8f292e.png,,PR,6,likely_state_or_province_level,PRODUCTION,USPRQUEBRADILLAS,PR Quebradillas
US,False,Declaración de la Aportación Ciudadana sobre las Ventas,2017-06-01T00:00:00,9999-12-31T00:00:00,descriptive_or_internal_label,PRRINCON,1,0,https://s3-us-west-2.amazonaws.com/tax-form-catalog-prd-us-west-2-data/tax-form-catalog/png/6aa84c6e-0319-4f68-99dc-098e5d8f292e.png,,PR,6,likely_state_or_province_level,PRODUCTION,USPRRINCON,PR Rincon
US,False,Declaration for the Municipal Citizen Contribution on Retail Sales,2017-06-01T00:00:00,9999-12-31T00:00:00,descriptive_or_internal_label,PRRIOGRANDE,1,0,https://s3-us-west-2.amazonaws.com/tax-form-catalog-prd-us-west-2-data/tax-form-catalog/png/6aa84c6e-0319-4f68-99dc-098e5d8f292e.png,,PR,6,likely_state_or_province_level,PRODUCTION,USPRRIOGRANDE,PR Rio Grande
US,False,Declaración de la Aportación Ciudadana sobre las Ventas,2017-06-01T00:00:00,9999-12-31T00:00:00,descriptive_or_internal_label,PRSABANAGRANDE,1,0,https://s3-us-west-2.amazonaws.com/tax-form-catalog-prd-us-west-2-data/tax-form-catalog/png/6aa84c6e-0319-4f68-99dc-098e5d8f292e.png,,PR,6,likely_state_or_province_level,PRODUCTION,USPRSABANAGRANDE,PR Sabana Grande
US,False,Declaration for the Municipal Citizen Contribution on Retail Sales,2017-06-01T00:00:00,9999-12-31T00:00:00,descriptive_or_internal_label,PRSALINAS,1,0,https://s3-us-west-2.amazonaws.com/tax-form-catalog-prd-us-west-2-data/tax-form-catalog/png/6aa84c6e-0319-4f68-99dc-098e5d8f292e.png,,PR,6,likely_state_or_province_level,PRODUCTION,USPRSALINAS,PR Salinas
US,False,Declaration for the Municipal Citizen Contribution on Retail Sales,2017-06-01T00:00:00,9999-12-31T00:00:00,descriptive_or_internal_label,PRSANGERMAN,1,0,https://s3-us-west-2.amazonaws.com/tax-form-catalog-prd-us-west-2-data/tax-form-catalog/png/6aa84c6e-0319-4f68-99dc-098e5d8f292e.png,,PR,6,likely_state_or_province_level,PRODUCTION,USPRSANGERMAN,PR San German
US,False,Declaration for the Municipal Citizen Contribution on Retail Sales,2017-06-01T00:00:00,9999-12-31T00:00:00,descriptive_or_internal_label,PRSANJUAN,1,0,https://s3-us-west-2.amazonaws.com/tax-form-catalog-prd-us-west-2-data/tax-form-catalog/png/6aa84c6e-0319-4f68-99dc-098e5d8f292e.png,,PR,6,likely_state_or_province_level,PRODUCTION,USPRSANJUAN,PR San Juan
US,False,Declaration for the Municipal Citizen Contribution on Retail Sales,2017-06-01T00:00:00,9999-12-31T00:00:00,descriptive_or_internal_label,PRSANLORENZO,1,0,https://s3-us-west-2.amazonaws.com/tax-form-catalog-prd-us-west-2-data/tax-form-catalog/png/6aa84c6e-0319-4f68-99dc-098e5d8f292e.png,,PR,6,likely_state_or_province_level,PRODUCTION,USPRSANLORENZO,PR San Lorenzo
US,False,Declaración de la Aportación Ciudadana sobre las Ventas,2017-06-01T00:00:00,9999-12-31T00:00:00,descriptive_or_internal_label,PRSANSEBASTIAN,1,0,https://s3-us-west-2.amazonaws.com/tax-form-catalog-prd-us-west-2-data/tax-form-catalog/png/6aa84c6e-0319-4f68-99dc-098e5d8f292e.png,,PR,6,likely_state_or_province_level,PRODUCTION,USPRSANSEBASTIAN,PR San Sebastian
US,False,Declaration for the Municipal Citizen Contribution on Retail Sales,2017-06-01T00:00:00,9999-12-31T00:00:00,descriptive_or_internal_label,PRSANTAISABEL,1,0,https://s3-us-west-2.amazonaws.com/tax-form-catalog-prd-us-west-2-data/tax-form-catalog/png/6aa84c6e-0319-4f68-99dc-098e5d8f292e.png,,PR,6,likely_state_or_province_level,PRODUCTION,USPRSANTAISABEL,PR Santa Isabel
US,False,Declaración de la Aportación Ciudadana sobre las Ventas,2017-06-01T00:00:00,9999-12-31T00:00:00,descriptive_or_internal_label,PRTOAALTA,1,0,https://s3-us-west-2.amazonaws.com/tax-form-catalog-prd-us-west-2-data/tax-form-catalog/png/6aa84c6e-0319-4f68-99dc-098e5d8f292e.png,,PR,6,likely_state_or_province_level,PRODUCTION,USPRTOAALTA,PR Toa Alta
US,False,Declaration for the Municipal Citizen Contribution on Retail Sales,2017-06-01T00:00:00,9999-12-31T00:00:00,descriptive_or_internal_label,PRTOABAJA,1,0,https://s3-us-west-2.amazonaws.com/tax-form-catalog-prd-us-west-2-data/tax-form-catalog/png/6aa84c6e-0319-4f68-99dc-098e5d8f292e.png,,PR,6,likely_state_or_province_level,PRODUCTION,USPRTOABAJA,PR Toa Baja
US,False,Declaration for the Municipal Citizen Contribution on Retail Sales,2017-06-01T00:00:00,9999-12-31T00:00:00,descriptive_or_internal_label,PRTRUJILLOALTO,1,0,https://s3-us-west-2.amazonaws.com/tax-form-catalog-prd-us-west-2-data/tax-form-catalog/png/6aa84c6e-0319-4f68-99dc-098e5d8f292e.png,,PR,6,likely_state_or_province_level,PRODUCTION,USPRTRUJILLOALTO,PR Trujillo Alto
US,False,Declaration for the Municipal Citizen Contribution on Retail Sales,2017-06-01T00:00:00,9999-12-31T00:00:00,descriptive_or_internal_label,PRUTUADO,1,0,https://s3-us-west-2.amazonaws.com/tax-form-catalog-prd-us-west-2-data/tax-form-catalog/png/6aa84c6e-0319-4f68-99dc-098e5d8f292e.png,,PR,6,likely_state_or_province_level,PRODUCTION,USPRUTUADO,PR Utuado
US,False,Declaration for the Municipal Citizen Contribution on Retail Sales,2017-06-01T00:00:00,9999-12-31T00:00:00,descriptive_or_internal_label,PRVEGAALTA,1,0,https://s3-us-west-2.amazonaws.com/tax-form-catalog-prd-us-west-2-data/tax-form-catalog/png/6aa84c6e-0319-4f68-99dc-098e5d8f292e.png,,PR,6,likely_state_or_province_level,PRODUCTION,USPRVEGAALTA,PR Vega Alta
US,False,Declaration for the Municipal Citizen Contribution on Retail Sales,2017-06-01T00:00:00,9999-12-31T00:00:00,descriptive_or_internal_label,PRVEGABAJA,1,0,https://s3-us-west-2.amazonaws.com/tax-form-catalog-prd-us-west-2-data/tax-form-catalog/png/6aa84c6e-0319-4f68-99dc-098e5d8f292e.png,,PR,6,likely_state_or_province_level,PRODUCTION,USPRVEGABAJA,PR Vega Baja
US,False,Declaración de la Aportación Ciudadana sobre las Ventas,2017-06-01T00:00:00,9999-12-31T00:00:00,descriptive_or_internal_label,PRVIEQUES,1,0,https://s3-us-west-2.amazonaws.com/tax-form-catalog-prd-us-west-2-data/tax-form-catalog/png/6aa84c6e-0319-4f68-99dc-098e5d8f292e.png,,PR,6,likely_state_or_province_level,PRODUCTION,USPRVIEQUES,PR Vieques
US,False,Declaration for the Municipal Citizen Contribution on Retail Sales,2017-06-01T00:00:00,9999-12-31T00:00:00,descriptive_or_internal_label,PRVILLALBA,1,0,https://s3-us-west-2.amazonaws.com/tax-form-catalog-prd-us-west-2-data/tax-form-catalog/png/6aa84c6e-0319-4f68-99dc-098e5d8f292e.png,,PR,6,likely_state_or_province_level,PRODUCTION,USPRVILLALBA,PR Villalba
US,False,Declaración de la Aportación Ciudadana sobre las Ventas,2017-06-01T00:00:00,9999-12-31T00:00:00,descriptive_or_internal_label,PRYABUCOA,1,0,https://s3-us-west-2.amazonaws.com/tax-form-catalog-prd-us-west-2-data/tax-form-catalog/png/6aa84c6e-0319-4f68-99dc-098e5d8f292e.png,,PR,6,likely_state_or_province_level,PRODUCTION,USPRYABUCOA,PR Yabucoa
US,False,Declaration for the Municipal Citizen Contribution on Retail Sales,2017-06-01T00:00:00,9999-12-31T00:00:00,descriptive_or_internal_label,PRYAUCO,1,0,https://s3-us-west-2.amazonaws.com/tax-form-catalog-prd-us-west-2-data/tax-form-catalog/png/6aa84c6e-0319-4f68-99dc-098e5d8f292e.png,,PR,6,likely_state_or_province_level,PRODUCTION,USPRYAUCO,PR Yauco
US,False,SST Electronic Return,1900-01-01T00:00:00,9999-12-31T00:00:00,descriptive_state_level_label,RISER,1,0,https://s3-us-west-2.amazonaws.com/tax-form-catalog-prd-us-west-2-data/tax-form-catalog/png/ff41e382-c720-445d-ba30-294429b4094a.png,,RI,157,likely_state_or_province_level,PRODUCTION,USRISER,RI SER
US,False,Sales and Use Tax Return,2025-10-01T00:00:00,9999-12-31T00:00:00,descriptive_state_level_label,RISTR,1,0,https://s3-us-west-2.amazonaws.com/tax-form-catalog-prd-us-west-2-data/tax-form-catalog/png/0da52940-af6b-4b89-82d7-182bd3af3fa2.png,,RI,22,likely_state_or_province_level,PRODUCTION,USRISTR,RI STR
US,False,Sales and Use Tax Return - Annual Reconciliation,2022-01-01T00:00:00,2022-12-31T00:00:00,likely_official_or_near_official,RIT204AR,1,0,https://s3-us-west-2.amazonaws.com/tax-form-catalog-prd-us-west-2-data/tax-form-catalog/png/57a556f2-d62a-4333-821e-7859ae5c6d84.png,,RI,39,likely_state_or_province_level,PRODUCTION,USRIT204AR,RI T204R Annual
US,False,Sales & Use Tax Return Monthly,2021-05-01T00:00:00,2022-12-31T00:00:00,likely_official_or_near_official,RIT204M,1,0,https://s3-us-west-2.amazonaws.com/tax-form-catalog-prd-us-west-2-data/tax-form-catalog/png/c770125d-edc5-4589-9edf-6ff43117a082.png,,RI,24,likely_state_or_province_level,PRODUCTION,USRIT204M,RI T204M
US,False,Sales & Use Tax Return Quarterly,2021-04-01T00:00:00,2022-12-31T00:00:00,likely_official_or_near_official,RIT204Q,1,0,https://s3-us-west-2.amazonaws.com/tax-form-catalog-prd-us-west-2-data/tax-form-catalog/png/bad88b86-6253-493b-be91-2c9c95b81baf.png,,RI,12,likely_state_or_province_level,PRODUCTION,USRIT204Q,RI T204Q
US,False,Consumer's Use Tax Return,2023-02-01T00:00:00,9999-12-31T00:00:00,likely_official_or_near_official,RIT205,1,0,https://s3-us-west-2.amazonaws.com/tax-form-catalog-prd-us-west-2-data/tax-form-catalog/png/6c5ef769-2c41-4a71-8440-1613b39a8fd0.png,,RI,5,likely_state_or_province_level,PRODUCTION,USRIT205,RIT205
US,False,State Sales and Use Tax Return,2025-07-01T00:00:00,9999-12-31T00:00:00,likely_official_or_near_official,SCST3,2,0,https://s3-us-west-2.amazonaws.com/tax-form-catalog-prd-us-west-2-data/tax-form-catalog/png/9d51b237-186f-41a2-8114-9adfad060d0a.png,,SC,258,likely_state_or_province_level,PRODUCTION,USSCST3,SC ST3
US,False,State Sales and Use Tax Return,2025-07-01T00:00:00,9999-12-31T00:00:00,likely_official_or_near_official,SCST3OUTLET,2,0,https://s3-us-west-2.amazonaws.com/tax-form-catalog-prd-us-west-2-data/tax-form-catalog/png/9d51b237-186f-41a2-8114-9adfad060d0a.png,,SC,258,likely_state_or_province_level,PRODUCTION,USSCST3OUTLET,SC ST3 Outlet
US,False,Contractors' Excise Tax Return,2025-01-01T00:00:00,9999-12-31T00:00:00,descriptive_state_level_label,SDCET,1,0,https://s3-us-west-2.amazonaws.com/tax-form-catalog-prd-us-west-2-data/tax-form-catalog/png/15102cbd-aa3d-4b48-a496-a6747459220c.png,,SD,21,likely_state_or_province_level,PRODUCTION,USSDCET,SD CET
US,False,Sales and Use Tax Return,2026-01-01T00:00:00,9999-12-31T00:00:00,likely_official_or_near_official,SDRV11STRTNMTS,1,0,https://s3-us-west-2.amazonaws.com/tax-form-catalog-prd-us-west-2-data/tax-form-catalog/png/07154834-39cc-4c5b-8126-b6fe70b0616e.png,,SD,175,likely_state_or_province_level,PRODUCTION,USSDRV11STRTNMTS,SD 2032
US,False,SST Electronic Return,1900-01-01T00:00:00,9999-12-31T00:00:00,descriptive_state_level_label,SDSER,1,0,https://s3-us-west-2.amazonaws.com/tax-form-catalog-prd-us-west-2-data/tax-form-catalog/png/ff41e382-c720-445d-ba30-294429b4094a.png,,SD,157,likely_state_or_province_level,PRODUCTION,USSDSER,SD SER
US,False,SST Electronic Return,1900-01-01T00:00:00,9999-12-31T00:00:00,descriptive_state_level_label,TNSER,1,0,https://s3-us-west-2.amazonaws.com/tax-form-catalog-prd-us-west-2-data/tax-form-catalog/png/ff41e382-c720-445d-ba30-294429b4094a.png,,TN,157,likely_state_or_province_level,PRODUCTION,USTNSER,TN SER
US,False,State and Local Sales and Use Tax Return,2026-01-01T00:00:00,9999-12-31T00:00:00,likely_official_or_near_official,TNSLS450,1,0,https://s3-us-west-2.amazonaws.com/tax-form-catalog-prd-us-west-2-data/tax-form-catalog/png/7e6e23af-7817-479d-b1ee-16526e1955be.png,,TN,462,likely_state_or_province_level,PRODUCTION,USTNSLS450,TN SLS 450
US,False,Department of Revenue State and Local Sales and Use Tax Return - For Outlets,2026-01-01T00:00:00,9999-12-31T00:00:00,likely_official_or_near_official,TNSLS450CS,3,0,https://s3-us-west-2.amazonaws.com/tax-form-catalog-prd-us-west-2-data/tax-form-catalog/png/af9fd87f-3227-49f9-84dd-d6c2e3514286.png,,TN,210,likely_state_or_province_level,PRODUCTION,USTNSLS450CS,TN SLS 450 CS
US,False,Texas Sales and Use Tax Return for Outlet Reporting,2025-10-01T00:00:00,9999-12-31T00:00:00,likely_official_or_near_official,TX011140111501116,2,0,https://s3-us-west-2.amazonaws.com/tax-form-catalog-prd-us-west-2-data/tax-form-catalog/png/2e1a09d6-65fd-4776-9899-be4d044bdc90.png,,TX,163,likely_state_or_province_level,PRODUCTION,USTX011140111501116,TX 01114 01115 01116 (Outlets)
US,False,Texas Sales and Use Tax Return,2025-10-01T00:00:00,9999-12-31T00:00:00,likely_official_or_near_official,TX0111401116,1,0,https://s3-us-west-2.amazonaws.com/tax-form-catalog-prd-us-west-2-data/tax-form-catalog/png/fabb6d40-c38e-48be-a69b-bdee35577994.png,,TX,203,likely_state_or_province_level,PRODUCTION,USTX0111401116,TX 01114 01116 (State Return)
US,False,Texas Consumers Use Tax Return,1900-01-01T00:00:00,9999-12-31T00:00:00,likely_official_or_near_official,TX0111901116,1,0,https://s3-us-west-2.amazonaws.com/tax-form-catalog-prd-us-west-2-data/tax-form-catalog/png/e96318c5-100a-4f61-bbdc-6b10490215e4.png,,TX,19,likely_state_or_province_level,PRODUCTION,USTX0111901116,TX 01119 01116
US,False,Texas Sales and Use Tax Return Prepayment,1900-01-01T00:00:00,9999-12-31T00:00:00,descriptive_state_level_label,TXPREPAY,1,0,https://s3-us-west-2.amazonaws.com/tax-form-catalog-prd-us-west-2-data/tax-form-catalog/png/f532618c-2009-436b-95f1-92a68657b61e.png,,TX,10,likely_state_or_province_level,PRODUCTION,USTXPREPAY,TX Monthly PrePayment
US,False,SST Electronic Return,1900-01-01T00:00:00,9999-12-31T00:00:00,descriptive_state_level_label,UTSER,1,0,https://s3-us-west-2.amazonaws.com/tax-form-catalog-prd-us-west-2-data/tax-form-catalog/png/ff41e382-c720-445d-ba30-294429b4094a.png,,UT,157,likely_state_or_province_level,PRODUCTION,USUTSER,UT SER
US,False,Sales and Use Tax Return,2026-01-01T00:00:00,9999-12-31T00:00:00,likely_official_or_near_official,UTTC62MULTILOCATION,1,0,https://s3-us-west-2.amazonaws.com/tax-form-catalog-prd-us-west-2-data/tax-form-catalog/png/0ced90f7-0bff-4b50-bcf4-4948135928d8.png,,UT,209,likely_state_or_province_level,PRODUCTION,USUTTC62MULTILOCATION,UT TC62 Multi Location
US,False,Sales and Use Tax Return - Single Place of Business,2019-05-01T00:00:00,2024-12-31T00:00:00,likely_official_or_near_official,UTTC62SINGLELOCATION,1,0,https://s3-us-west-2.amazonaws.com/tax-form-catalog-prd-us-west-2-data/tax-form-catalog/png/ca5f9d24-2bc8-4101-b8a6-8db908d62df6.png,,UT,17,likely_state_or_province_level,PRODUCTION,USUTTC62SINGLELOCATION,UT TC62 Single Location
US,False,Vehicle Rental Tax Return,2022-07-01T00:00:00,9999-12-31T00:00:00,descriptive_state_level_label,VAMVR420,1,0,https://s3-us-west-2.amazonaws.com/tax-form-catalog-prd-us-west-2-data/tax-form-catalog/png/46255c60-d6fc-4f61-8a96-bf20f0335cfa.png,,VA,9,likely_state_or_province_level,PRODUCTION,USVAMVR420,VA Motor Vehicle Rental Tax
US,False,Accelerated Payment Voucher,2016-10-01T00:00:00,9999-12-31T00:00:00,descriptive_or_internal_label,VAPREPAY,1,0,https://s3-us-west-2.amazonaws.com/tax-form-catalog-prd-us-west-2-data/tax-form-catalog/png/711e51bc-de38-410c-b5f5-7e513b109e9a.png,,VA,2,likely_state_or_province_level,PRODUCTION,USVAPREPAY,VA Accelerated Sales and Use Tax Payment
US,False,Consumer's Use Tax Return,2025-04-01T00:00:00,9999-12-31T00:00:00,likely_official_or_near_official,VAST1CU,1,0,https://s3-us-west-2.amazonaws.com/tax-form-catalog-prd-us-west-2-data/tax-form-catalog/png/185d8406-cac2-4c86-b46d-b1751ace7537.png,,VA,7,likely_state_or_province_level,PRODUCTION,USVAST1CU,VA ST1 Consumer Use
US,False,Virginia Retail Sales and Use Tax Return,2025-04-01T00:00:00,9999-12-31T00:00:00,likely_official_or_near_official,VAST1SALES,1,0,https://s3-us-west-2.amazonaws.com/tax-form-catalog-prd-us-west-2-data/tax-form-catalog/png/54c71a18-5a7d-4ba6-ae4c-6dbe2303d10a.png,,VA,27,likely_state_or_province_level,PRODUCTION,USVAST1SALES,VA ST1 Sales
US,False,Virginia Out-of-State Dealer's Sales and Use Tax Return,2025-04-01T00:00:00,9999-12-31T00:00:00,likely_normalized_form_label,VAST1SU,1,0,https://s3-us-west-2.amazonaws.com/tax-form-catalog-prd-us-west-2-data/tax-form-catalog/png/e027884e-1945-4a73-aa1a-c17c9e1a6e97.png,,VA,31,likely_state_or_province_level,PRODUCTION,USVAST1SU,VA ST1 Sellers Use
US,False,Consumer's Use Tax Return,2023-07-01T00:00:00,2025-03-31T00:00:00,likely_official_or_near_official,VAST7,1,0,https://s3-us-west-2.amazonaws.com/tax-form-catalog-prd-us-west-2-data/tax-form-catalog/png/ea73481b-fbfe-4955-9a60-0ba391b13953.png,,VA,49,likely_state_or_province_level,PRODUCTION,USVAST7,VA ST7
US,False,Virginia Out-of-State Dealer's Sales and Use Tax Return,2023-07-01T00:00:00,2025-03-31T00:00:00,likely_official_or_near_official,VAST8,1,0,https://s3-us-west-2.amazonaws.com/tax-form-catalog-prd-us-west-2-data/tax-form-catalog/png/760db3dd-329f-4753-862b-a524aa31b68d.png,,VA,168,likely_state_or_province_level,PRODUCTION,USVAST8,VA ST8
US,False,Virginia Retail Sales and Use Tax Return,2023-07-01T00:00:00,2025-03-31T00:00:00,likely_official_or_near_official,VAST9,1,0,https://s3-us-west-2.amazonaws.com/tax-form-catalog-prd-us-west-2-data/tax-form-catalog/png/301fa87b-c6e5-4405-ba65-be37849381e0.png,,VA,127,likely_state_or_province_level,PRODUCTION,USVAST9,VA ST9
US,False,Virginia Watercraft Sales And Use Tax Return,1900-01-01T00:00:00,9999-12-31T00:00:00,descriptive_state_level_label,USVAWCT2,1,0,https://s3-us-west-2.amazonaws.com/tax-form-catalog-prd-us-west-2-data/tax-form-catalog/png/f54a3a5c-e738-4cdf-b082-f2c0b9d82165.png,,VA,3,likely_state_or_province_level,PRODUCTION,USVAWCT2,VA Watercraft Sales And Use Tax
US,False,Gross Receipts Monthly Tax  Return FORM 720-B,2012-03-01T00:00:00,9999-12-31T00:00:00,descriptive_state_level_label,VIVIRGINISLANDSMONTHLY,1,0,https://s3-us-west-2.amazonaws.com/tax-form-catalog-prd-us-west-2-data/tax-form-catalog/png/3a6b3d53-29ff-454c-9b59-6af44e8f8878.png,,VI,0,likely_state_or_province_level,PRODUCTION,USVIVIRGINISLANDSMONTHLY,Gross Receipts Monthly Tax Return
US,False,SST Electronic Return,1900-01-01T00:00:00,9999-12-31T00:00:00,descriptive_state_level_label,VTSER,1,0,https://s3-us-west-2.amazonaws.com/tax-form-catalog-prd-us-west-2-data/tax-form-catalog/png/ff41e382-c720-445d-ba30-294429b4094a.png,,VT,157,likely_state_or_province_level,PRODUCTION,USVTSER,VT SER
US,False,Sales and Use Tax Return,2025-07-01T00:00:00,9999-12-31T00:00:00,likely_official_or_near_official,VTSU451,1,0,https://s3-us-west-2.amazonaws.com/tax-form-catalog-prd-us-west-2-data/tax-form-catalog/png/ddf89c7c-ac8a-4b48-aea1-b29fdb195db4.png,,VT,87,likely_state_or_province_level,PRODUCTION,USVTSU451,VT SU451
US,False,Vermont State Sales and Use Tax Return for Multiple Locations,2025-07-01T00:00:00,9999-12-31T00:00:00,likely_official_or_near_official,VTSU451OUTLET,1,0,https://s3-us-west-2.amazonaws.com/tax-form-catalog-prd-us-west-2-data/tax-form-catalog/png/c10c8632-b3ea-4000-a445-ee9c09af2f61.png,,VT,46,likely_state_or_province_level,PRODUCTION,USVTSU451OUTLET,VT SU451 Multiple Locations
US,False,Business and Occupation Tax Return,2022-08-01T00:00:00,9999-12-31T00:00:00,descriptive_state_level_label,WAABERDEENBOQ,1,0,https://s3-us-west-2.amazonaws.com/tax-form-catalog-prd-us-west-2-data/tax-form-catalog/png/93a60f09-cbdf-4c0c-aeab-f75c2c53d06d.png,,WA,14,likely_state_or_province_level,PRODUCTION,USWAABERDEENBOQ,WA Aberdeen BO Quarterly
US,False,Business and Occupation Tax Return,2026-01-01T00:00:00,9999-12-31T00:00:00,descriptive_state_level_label,WAALGONABO,1,0,https://s3-us-west-2.amazonaws.com/tax-form-catalog-prd-us-west-2-data/tax-form-catalog/png/c82f58eb-750e-4aa6-a94a-7a61235090af.png,,WA,7,likely_state_or_province_level,PRODUCTION,USWAALGONABO,WA Algona
US,False,Annual Business and Occupation Tax Return,2018-01-01T00:00:00,9999-12-31T00:00:00,descriptive_state_level_label,WABAINBRIDGEISLANDBO,1,0,https://s3-us-west-2.amazonaws.com/tax-form-catalog-prd-us-west-2-data/tax-form-catalog/png/8d071181-dcd5-4a14-8a4e-2470837743f7.png,,WA,13,likely_state_or_province_level,PRODUCTION,USWABAINBRIDGEISLANDBO,WA Bainbridge Island BO
US,False,Business and Occupation Tax Return,2025-01-01T00:00:00,9999-12-31T00:00:00,descriptive_state_level_label,WABELLEVUEBOA,1,0,https://s3-us-west-2.amazonaws.com/tax-form-catalog-prd-us-west-2-data/tax-form-catalog/png/aae8242d-a8e1-4776-b1be-60eef01e51f8.png,,WA,58,likely_state_or_province_level,PRODUCTION,USWABELLEVUEBOA,WA Bellevue BO Annual
US,False,Business and Occupation Tax Return,2025-01-01T00:00:00,9999-12-31T00:00:00,descriptive_state_level_label,WABELLEVUEBOQ,1,0,https://s3-us-west-2.amazonaws.com/tax-form-catalog-prd-us-west-2-data/tax-form-catalog/png/17f0bae2-130f-452b-8fcf-6f3707bd78fd.png,,WA,62,likely_state_or_province_level,PRODUCTION,USWABELLEVUEBOQ,WA Bellevue Business and Occupation Quarterly
US,False,Business and Occupation Tax Return,2021-01-01T00:00:00,9999-12-31T00:00:00,descriptive_state_level_label,WABELLINGHAMBO,1,0,https://s3-us-west-2.amazonaws.com/tax-form-catalog-prd-us-west-2-data/tax-form-catalog/png/71f6c2f7-cc9a-4fb9-ba63-bd900704a87c.png,,WA,18,likely_state_or_province_level,PRODUCTION,USWABELLINGHAMBO,WA Bellingham BO
US,False,Quarterly Business & Occupation Tax Return,1900-01-01T00:00:00,9999-12-31T00:00:00,descriptive_state_level_label,USWABLAINEBO,1,0,https://s3-us-west-2.amazonaws.com/tax-form-catalog-prd-us-west-2-data/tax-form-catalog/png/8fde3b50-841e-48b8-9778-5fe1f50d6bb2.png,,WA,10,likely_state_or_province_level,PRODUCTION,USWABLAINEBO,WA Blaine
US,False,Monthly excise tax form for companies participating in Streamlined Sales Tax only,2026-02-01T00:00:00,9999-12-31T00:00:00,descriptive_state_level_label,WABOCOMBINED,2,0,https://s3-us-west-2.amazonaws.com/tax-form-catalog-prd-us-west-2-data/tax-form-catalog/png/ecae5433-efcd-4372-a6d5-86f303a2245e.png,,WA,299,likely_state_or_province_level,PRODUCTION,USWABOCOMBINED,WA BO Combined Excise Tax
US,False,2008 Quarterly Business and Occupation T,2024-02-01T00:00:00,9999-12-31T00:00:00,descriptive_or_internal_label,WABREMERTONBO,1,0,https://s3-us-west-2.amazonaws.com/tax-form-catalog-prd-us-west-2-data/tax-form-catalog/png/1f750f39-c2c8-4435-9964-54e9b7342998.png,,WA,41,likely_state_or_province_level,PRODUCTION,USWABREMERTONBO,WA Bremerton
US,False,Business and Occupation Tax Return,2025-01-01T00:00:00,9999-12-31T00:00:00,descriptive_state_level_label,WABURIENBO,1,0,https://s3-us-west-2.amazonaws.com/tax-form-catalog-prd-us-west-2-data/tax-form-catalog/png/688ba228-b208-404d-8afc-74433ca6b50f.png,,WA,42,likely_state_or_province_level,PRODUCTION,USWABURIENBO,WA Burien BO
US,False,Business and Occupation Tax Return,1900-01-01T00:00:00,9999-12-31T00:00:00,descriptive_state_level_label,WABURLINGTONBO,1,0,https://s3-us-west-2.amazonaws.com/tax-form-catalog-prd-us-west-2-data/tax-form-catalog/png/33d0a441-d82a-48dc-8fb9-516ab41b5393.png,,WA,8,likely_state_or_province_level,PRODUCTION,USWABURLINGTONBO,WA Burlington
US,False,Business and Occupation Tax Return,1900-01-01T00:00:00,9999-12-31T00:00:00,descriptive_state_level_label,WACOSMOPOLISBO,1,0,https://s3-us-west-2.amazonaws.com/tax-form-catalog-prd-us-west-2-data/tax-form-catalog/png/5a9c3270-8f82-46e6-90c4-a4cc943b31cc.png,,WA,13,likely_state_or_province_level,PRODUCTION,USWACOSMOPOLISBO,WA Cosmopolis
US,False,Business and Occupation Tax Return,2025-01-01T00:00:00,9999-12-31T00:00:00,descriptive_state_level_label,WACOVINGTONBO,1,0,https://s3-us-west-2.amazonaws.com/tax-form-catalog-prd-us-west-2-data/tax-form-catalog/png/76f7e1f8-e206-40c3-afa9-df0be26be383.png,,WA,11,likely_state_or_province_level,PRODUCTION,USWACOVINGTONBO,WA Covington BO
US,False,Business and Occupation Tax Return,1900-01-01T00:00:00,9999-12-31T00:00:00,descriptive_state_level_label,WADARRINGTONBO,1,0,https://s3-us-west-2.amazonaws.com/tax-form-catalog-prd-us-west-2-data/tax-form-catalog/png/fe155039-cacc-417a-afb9-659969408e0f.png,,WA,2,likely_state_or_province_level,PRODUCTION,USWADARRINGTONBO,WA Darrington
US,False,Business and Occupation Tax Return,1900-01-01T00:00:00,9999-12-31T00:00:00,descriptive_state_level_label,WADESMOINESBO,1,0,https://s3-us-west-2.amazonaws.com/tax-form-catalog-prd-us-west-2-data/tax-form-catalog/png/588e37fa-4eec-46a8-b9aa-1c1587c2b6f0.png,,WA,4,likely_state_or_province_level,PRODUCTION,USWADESMOINESBO,WA Des Moines BO
US,False,Business and Occupation Tax Return,2024-10-01T00:00:00,9999-12-31T00:00:00,descriptive_state_level_label,WADUPONTBO,1,0,https://s3-us-west-2.amazonaws.com/tax-form-catalog-prd-us-west-2-data/tax-form-catalog/png/b6567672-191f-4ea0-9f6a-46ab0a97c6ba.png,,WA,25,likely_state_or_province_level,PRODUCTION,USWADUPONTBO,WA DuPont BO
US,False,Annual Business and Occupation Tax Form,2025-04-01T00:00:00,9999-12-31T00:00:00,descriptive_state_level_label,WAEVERETTBOA,1,0,https://s3-us-west-2.amazonaws.com/tax-form-catalog-prd-us-west-2-data/tax-form-catalog/png/f5a457df-6fd1-4c83-b022-ce0767a76281.png,,WA,23,likely_state_or_province_level,PRODUCTION,USWAEVERETTBOA,WA Everett BO Annual
US,False,Quarterly Business and Occupation Tax Form,2024-03-01T00:00:00,9999-12-31T00:00:00,descriptive_state_level_label,WAEVERETTBOQ,1,0,https://s3-us-west-2.amazonaws.com/tax-form-catalog-prd-us-west-2-data/tax-form-catalog/png/76908c04-bd84-495d-a5fa-8ef044d9a2da.png,,WA,34,likely_state_or_province_level,PRODUCTION,USWAEVERETTBOQ,WA Everett BO Quarterly
US,False,Utility Tax Return,2016-06-01T00:00:00,9999-12-31T00:00:00,descriptive_state_level_label,WAEVERETTUTILITY,1,0,https://s3-us-west-2.amazonaws.com/tax-form-catalog-prd-us-west-2-data/tax-form-catalog/png/023bf002-6319-4a76-af7d-3ce3e2599834.png,,WA,3,likely_state_or_province_level,PRODUCTION,USWAEVERETTUTILITY,WA Everett Utility
US,False,Business and Occupation Tax Return,1900-01-01T00:00:00,9999-12-31T00:00:00,descriptive_state_level_label,WAEVERSONBO,1,0,https://s3-us-west-2.amazonaws.com/tax-form-catalog-prd-us-west-2-data/tax-form-catalog/png/c6c2ba7f-d10b-446b-bb2b-c2958be6e613.png,,WA,4,likely_state_or_province_level,PRODUCTION,USWAEVERSONBO,WA Everson
US,False,Business and Occupation Tax Return,1900-01-01T00:00:00,9999-12-31T00:00:00,descriptive_state_level_label,WAHOQUIAMBO,1,0,https://s3-us-west-2.amazonaws.com/tax-form-catalog-prd-us-west-2-data/tax-form-catalog/png/d595d909-412b-4223-98fb-ba2e13136610.png,,WA,10,likely_state_or_province_level,PRODUCTION,USWAHOQUIAMBO,WA Hoquiam
US,False,Business and Occupation Tax Return,2018-01-01T00:00:00,9999-12-31T00:00:00,descriptive_state_level_label,WAILWACOBO,1,0,https://s3-us-west-2.amazonaws.com/tax-form-catalog-prd-us-west-2-data/tax-form-catalog/png/a2131125-527e-4870-b2df-c03cee40a142.png,,WA,11,likely_state_or_province_level,PRODUCTION,USWAILWACOBO,WA Ilwaco BO
US,False,Deprecated form for Issaqua BO,2020-01-01T00:00:00,9999-12-31T00:00:00,descriptive_or_internal_label,WAISSAQUAHBOA,1,0,https://s3-us-west-2.amazonaws.com/tax-form-catalog-prd-us-west-2-data/tax-form-catalog/png/ff948571-8661-475d-963d-28629e2b7609.png,,WA,19,likely_state_or_province_level,PRODUCTION,USWAISSAQUAHBOA,WA ISSAQUAH BOA
US,False,Business and Occupation Tax Return,2025-08-01T00:00:00,9999-12-31T00:00:00,descriptive_state_level_label,WAISSAQUAHBOQ,1,0,https://s3-us-west-2.amazonaws.com/tax-form-catalog-prd-us-west-2-data/tax-form-catalog/png/9554772e-607a-4265-876b-e54fadfdb885.png,,WA,18,likely_state_or_province_level,PRODUCTION,USWAISSAQUAHBOQ,WA Issaquah BO Quarterly
US,False,WA Kelso Business and Occupation Tax Return,2025-05-01T00:00:00,9999-12-31T00:00:00,descriptive_state_level_label,WAKELSOBO,1,0,https://s3-us-west-2.amazonaws.com/tax-form-catalog-prd-us-west-2-data/tax-form-catalog/png/22bc2d4f-0eb3-4cc0-af73-e61198584c3e.png,,WA,13,likely_state_or_province_level,PRODUCTION,USWAKELSOBO,WA Kelso Business and Occupation Tax Return
US,False,Business and Occupation Tax Return,2024-12-01T00:00:00,9999-12-31T00:00:00,descriptive_state_level_label,WAKENTBOA,1,0,https://s3-us-west-2.amazonaws.com/tax-form-catalog-prd-us-west-2-data/tax-form-catalog/png/4ef48caf-0c3b-4558-bb65-9bd3644571db.png,,WA,11,likely_state_or_province_level,PRODUCTION,USWAKENTBOA,WA KENT BO A
US,False,Business and Occupation Tax Return,2025-01-01T00:00:00,9999-12-31T00:00:00,descriptive_state_level_label,WAKENTBOQ,1,0,https://s3-us-west-2.amazonaws.com/tax-form-catalog-prd-us-west-2-data/tax-form-catalog/png/a9639e09-c834-40c9-ba7a-09a044970824.png,,WA,42,likely_state_or_province_level,PRODUCTION,USWAKENTBOQ,WA KENT BO Q
US,False,Business and Occupation Tax Report,2024-01-01T00:00:00,9999-12-31T00:00:00,descriptive_state_level_label,WALACEYBO,1,0,https://s3-us-west-2.amazonaws.com/tax-form-catalog-prd-us-west-2-data/tax-form-catalog/png/8d5d9903-afee-4e2c-9e77-b12aedb907d7.png,,WA,30,likely_state_or_province_level,PRODUCTION,USWALACEYBO,WA Lacey BO
US,False,Business and Occupation Tax Return,1900-01-01T00:00:00,9999-12-31T00:00:00,descriptive_state_level_label,WALAKEFORESTPARKBO,1,0,https://s3-us-west-2.amazonaws.com/tax-form-catalog-prd-us-west-2-data/tax-form-catalog/png/b91d4563-a9ef-4818-a45c-f6b165b116f2.png,,WA,11,likely_state_or_province_level,PRODUCTION,USWALAKEFORESTPARKBO,WA Lake Forest Park BO
US,False,Business and Occupation Tax Return,1900-01-01T00:00:00,9999-12-31T00:00:00,descriptive_state_level_label,WALONGVIEWBOA,1,0,https://s3-us-west-2.amazonaws.com/tax-form-catalog-prd-us-west-2-data/tax-form-catalog/png/7592b7f1-4b4c-48eb-afb6-ffb701503c35.png,,WA,4,likely_state_or_province_level,PRODUCTION,USWALONGVIEWBOA,WA Longview BO Annually
US,False,Business and Occupation Tax Return,2025-01-01T00:00:00,9999-12-31T00:00:00,descriptive_state_level_label,WALONGVIEWBOQ,1,0,https://s3-us-west-2.amazonaws.com/tax-form-catalog-prd-us-west-2-data/tax-form-catalog/png/a9666592-1ab3-48ed-8ce3-b0d168af6649.png,,WA,31,likely_state_or_province_level,PRODUCTION,USWALONGVIEWBOQ,WA Longview BO Quarterly
US,False,Business and Occupation Tax Return,1900-01-01T00:00:00,9999-12-31T00:00:00,descriptive_state_level_label,WALYMANBO,1,0,https://s3-us-west-2.amazonaws.com/tax-form-catalog-prd-us-west-2-data/tax-form-catalog/png/c32c3cb3-c07f-46f9-be53-b6d40b18c41a.png,,WA,5,likely_state_or_province_level,PRODUCTION,USWALYMANBO,WA Lyman
US,False,Business and Occupation Tax Form,2020-01-01T00:00:00,9999-12-31T00:00:00,descriptive_state_level_label,WAMERCERISLANDBOA,1,0,https://s3-us-west-2.amazonaws.com/tax-form-catalog-prd-us-west-2-data/tax-form-catalog/png/d8389fd0-7355-4bdc-b8a3-a754d11c0cd9.png,,WA,17,likely_state_or_province_level,PRODUCTION,USWAMERCERISLANDBOA,WA Mercer Island BO Annual
US,False,Business and Occupation Tax Form,2019-10-01T00:00:00,9999-12-31T00:00:00,descriptive_state_level_label,WAMERCERISLANDBOQ,1,0,https://s3-us-west-2.amazonaws.com/tax-form-catalog-prd-us-west-2-data/tax-form-catalog/png/c64e953b-3ce6-4fde-b230-38bb3ab4ac39.png,,WA,18,likely_state_or_province_level,PRODUCTION,USWAMERCERISLANDBOQ,WA Mercer Island BO Quarterly
US,False,Multi-Purpose Combined Excise Tax Return for non-Streamlined Sales Tax customers,2019-01-01T00:00:00,9999-12-31T00:00:00,descriptive_state_level_label,WAMULTIPURPOSEST,1,0,https://s3-us-west-2.amazonaws.com/tax-form-catalog-prd-us-west-2-data/tax-form-catalog/png/fe669332-765a-4335-b29a-592b2f65c334.png,,WA,325,likely_state_or_province_level,PRODUCTION,USWAMULTIPURPOSEST,WA MultiPurpose Sales
US,False,Business and Occupation Tax Return,2023-01-01T00:00:00,9999-12-31T00:00:00,descriptive_state_level_label,WANORTHBENDBO,1,0,https://s3-us-west-2.amazonaws.com/tax-form-catalog-prd-us-west-2-data/tax-form-catalog/png/136520cb-6e48-41ed-93fa-f2fad68764a2.png,,WA,20,likely_state_or_province_level,PRODUCTION,USWANORTHBENDBO,WA North Bend BO
US,False,Business and Occupation Quarterly Tax Return,2018-01-01T00:00:00,9999-12-31T00:00:00,descriptive_state_level_label,WAOCEANSHORESBO,1,0,https://s3-us-west-2.amazonaws.com/tax-form-catalog-prd-us-west-2-data/tax-form-catalog/png/0fe07442-e395-4e38-8ce6-3a9ff8d7a792.png,,WA,11,likely_state_or_province_level,PRODUCTION,USWAOCEANSHORESBO,WA Ocean Shores
US,False,Business and Occupation Tax Report,2023-04-01T00:00:00,9999-12-31T00:00:00,descriptive_state_level_label,WAOLYMPIABOA,1,0,https://s3-us-west-2.amazonaws.com/tax-form-catalog-prd-us-west-2-data/tax-form-catalog/png/63fa6c26-a6e2-46c7-9676-1409b65aa2ea.png,,WA,18,likely_state_or_province_level,PRODUCTION,USWAOLYMPIABOA,WA Olympia BO Annual
US,False,Business and Occupation Tax Report,2023-10-01T00:00:00,9999-12-31T00:00:00,descriptive_state_level_label,WAOLYMPIABOQ,1,0,https://s3-us-west-2.amazonaws.com/tax-form-catalog-prd-us-west-2-data/tax-form-catalog/png/9abcf8df-b806-4246-9b2a-262a54b23715.png,,WA,23,likely_state_or_province_level,PRODUCTION,USWAOLYMPIABOQ,WA Olympia BO Quarterly
US,False,Pagers & Cellular Phones Utility Return,2014-09-01T00:00:00,9999-12-31T00:00:00,descriptive_state_level_label,WAOLYMPIAUTILITY,1,0,https://s3-us-west-2.amazonaws.com/tax-form-catalog-prd-us-west-2-data/tax-form-catalog/png/f427f863-ed0d-4a45-8d68-ba7743a502ea.png,,WA,5,likely_state_or_province_level,PRODUCTION,USWAOLYMPIAUTILITY,WA Olympia Utility Tax
US,False,Business and Occupation Tax Return,2020-08-01T00:00:00,9999-12-31T00:00:00,descriptive_state_level_label,WAPACIFICBO,1,0,https://s3-us-west-2.amazonaws.com/tax-form-catalog-prd-us-west-2-data/tax-form-catalog/png/1abb6080-b241-48c6-9a34-1fcd52a47c5b.png,,WA,9,likely_state_or_province_level,PRODUCTION,USWAPACIFICBO,WA Pacific BO
US,False,Long Beach Business and Occupation Quarterly Tax Report,2023-11-01T00:00:00,9999-12-31T00:00:00,descriptive_state_level_label,WAPACIFICLONGBEACH57402,1,0,https://s3-us-west-2.amazonaws.com/tax-form-catalog-prd-us-west-2-data/tax-form-catalog/png/caae956f-2d15-4c7f-a2cd-6d94e36f9e98.png,,WA,21,likely_state_or_province_level,PRODUCTION,USWAPACIFICLONGBEACH57402,USWAPACIFICLONGBEACH57402
US,False,Business and Occupation Tax Return,2018-01-01T00:00:00,9999-12-31T00:00:00,descriptive_state_level_label,WARAINIERBO,1,0,https://s3-us-west-2.amazonaws.com/tax-form-catalog-prd-us-west-2-data/tax-form-catalog/png/51b7d25d-4cf1-439c-a324-6b2611f3e2a0.png,,WA,8,likely_state_or_province_level,PRODUCTION,USWARAINIERBO,WA Rainier
US,False,Business and Occupation Tax Return,1900-01-01T00:00:00,9999-12-31T00:00:00,descriptive_state_level_label,WARAYMONDBO,1,0,https://s3-us-west-2.amazonaws.com/tax-form-catalog-prd-us-west-2-data/tax-form-catalog/png/9463fb91-b880-44b9-b9af-f7155b11991b.png,,WA,8,likely_state_or_province_level,PRODUCTION,USWARAYMONDBO,WA Raymond
US,False,Business and Occupation Tax Return,1900-01-01T00:00:00,9999-12-31T00:00:00,descriptive_state_level_label,USWARENTONBO,1,0,https://s3-us-west-2.amazonaws.com/tax-form-catalog-prd-us-west-2-data/tax-form-catalog/png/ad79308d-f294-41f9-8d6d-3d247255341e.png,,WA,2,likely_state_or_province_level,PRODUCTION,USWARENTONBO,WA Renton Business and Occupation
US,False,Business and Occupation Tax Return Annual,2023-01-01T00:00:00,9999-12-31T00:00:00,descriptive_state_level_label,WARENTONBOA,1,0,https://s3-us-west-2.amazonaws.com/tax-form-catalog-prd-us-west-2-data/tax-form-catalog/png/40085f48-1d55-4465-9467-8e5586d6c1fc.png,,WA,14,likely_state_or_province_level,PRODUCTION,USWARENTONBOA,WA Renton Business and Occupation Annual
US,False,Business and Occupation Tax Return Monthly,2023-01-01T00:00:00,9999-12-31T00:00:00,descriptive_state_level_label,WARENTONBOM,1,0,https://s3-us-west-2.amazonaws.com/tax-form-catalog-prd-us-west-2-data/tax-form-catalog/png/ae58a980-c782-4849-96fe-4c6a9e72b9cc.png,,WA,11,likely_state_or_province_level,PRODUCTION,USWARENTONBOM,WA Renton Business and Occupation Monthly
US,False,Business and Occupation Tax Return Quarterly,2023-01-01T00:00:00,9999-12-31T00:00:00,descriptive_state_level_label,WARENTONBOQ,1,0,https://s3-us-west-2.amazonaws.com/tax-form-catalog-prd-us-west-2-data/tax-form-catalog/png/d13f52b2-2f70-485f-bdda-bbf2c9176050.png,,WA,14,likely_state_or_province_level,PRODUCTION,USWARENTONBOQ,WA Renton Business and Occupation Quarterly
US,False,Business and Occupation Tax Return,2018-01-01T00:00:00,9999-12-31T00:00:00,descriptive_state_level_label,WAROYBO,1,0,https://s3-us-west-2.amazonaws.com/tax-form-catalog-prd-us-west-2-data/tax-form-catalog/png/aeaed8f0-e3ac-4152-8e5c-8f16f2f96d70.png,,WA,8,likely_state_or_province_level,PRODUCTION,USWAROYBO,WA Roy
US,False,Business and Occupation Tax Return,2025-07-01T00:00:00,9999-12-31T00:00:00,descriptive_state_level_label,WARUSTONBO,1,0,https://s3-us-west-2.amazonaws.com/tax-form-catalog-prd-us-west-2-data/tax-form-catalog/png/d423e944-6ce9-4fb4-9746-5c2c0d93dc8b.png,,WA,9,likely_state_or_province_level,PRODUCTION,USWARUSTONBO,WA Ruston
US,False,Business and Occupation Tax Report,2026-01-01T00:00:00,9999-12-31T00:00:00,descriptive_state_level_label,WASEATTLEBO,1,0,https://s3-us-west-2.amazonaws.com/tax-form-catalog-prd-us-west-2-data/tax-form-catalog/png/53fa7fd8-3a9c-43c9-8006-58c1125bbfce.png,,WA,28,likely_state_or_province_level,PRODUCTION,USWASEATTLEBO,WA Seattle BO
US,False,Occupation Utility Tax Return,2011-10-01T00:00:00,9999-12-31T00:00:00,descriptive_state_level_label,WASEATTLEUTILITY,1,0,https://s3-us-west-2.amazonaws.com/tax-form-catalog-prd-us-west-2-data/tax-form-catalog/png/210cc22e-ec27-420a-99b0-2a23d6f8a5ec.png,,WA,10,likely_state_or_province_level,PRODUCTION,USWASEATTLEUTILITY,WA Seattle Occupation Utility
US,False,SST Electronic Return,1900-01-01T00:00:00,9999-12-31T00:00:00,descriptive_state_level_label,WASER,1,0,https://s3-us-west-2.amazonaws.com/tax-form-catalog-prd-us-west-2-data/tax-form-catalog/png/ff41e382-c720-445d-ba30-294429b4094a.png,,WA,157,likely_state_or_province_level,PRODUCTION,USWASER,WA SER
US,False,Business and Occupation Tax Return,2024-01-01T00:00:00,9999-12-31T00:00:00,descriptive_state_level_label,WASHELTONBO,1,0,https://s3-us-west-2.amazonaws.com/tax-form-catalog-prd-us-west-2-data/tax-form-catalog/png/eefb1b4e-a762-4ee5-a11b-fcda174623dd.png,,WA,14,likely_state_or_province_level,PRODUCTION,USWASHELTONBO,WA Shelton
US,False,Business and Occupation Tax Return,2023-10-01T00:00:00,9999-12-31T00:00:00,descriptive_state_level_label,WASHORELINEBO,1,0,https://s3-us-west-2.amazonaws.com/tax-form-catalog-prd-us-west-2-data/tax-form-catalog/png/66ab9d9d-6136-46d6-93e0-d8af7f4e0b93.png,,WA,5,likely_state_or_province_level,PRODUCTION,USWASHORELINEBO,WA Shoreline
US,False,Business and Occupation Tax Return,2026-02-01T00:00:00,9999-12-31T00:00:00,descriptive_state_level_label,WASNOQUALMIEBO,1,0,https://s3-us-west-2.amazonaws.com/tax-form-catalog-prd-us-west-2-data/tax-form-catalog/png/f2913399-f9dd-4c98-89ad-9f9181c80697.png,,WA,20,likely_state_or_province_level,PRODUCTION,USWASNOQUALMIEBO,WA Snoqualmie BO
US,False,Business and Occupation Tax Return,1899-12-31T00:00:00,9999-12-31T00:00:00,descriptive_state_level_label,WASOUTHBENDBO,1,0,https://s3-us-west-2.amazonaws.com/tax-form-catalog-prd-us-west-2-data/tax-form-catalog/png/95a990ad-a0ec-49b2-9938-ab525f6cdb7e.png,,WA,15,likely_state_or_province_level,PRODUCTION,USWASOUTHBENDBO,WA South Bend BO
US,False,Business and Occupation Tax Return,2013-05-01T00:00:00,9999-12-31T00:00:00,descriptive_state_level_label,WATACOMABO,1,0,https://s3-us-west-2.amazonaws.com/tax-form-catalog-prd-us-west-2-data/tax-form-catalog/png/68de3b59-696b-4d35-b401-56c0bd22ef78.png,,WA,24,likely_state_or_province_level,PRODUCTION,USWATACOMABO,WA Tacoma BO
US,False,Business and Occupation Tax Return,2018-01-01T00:00:00,9999-12-31T00:00:00,descriptive_state_level_label,WATENINOBO,1,0,https://s3-us-west-2.amazonaws.com/tax-form-catalog-prd-us-west-2-data/tax-form-catalog/png/ac2b5685-70ab-438e-a59c-cc03904b9c4c.png,,WA,12,likely_state_or_province_level,PRODUCTION,USWATENINOBO,WA Tenino BO
US,False,Business and Occupation Tax Return,1900-01-01T00:00:00,9999-12-31T00:00:00,descriptive_state_level_label,WATUKWILABO,1,0,https://s3-us-west-2.amazonaws.com/tax-form-catalog-prd-us-west-2-data/tax-form-catalog/png/15c1e930-34d0-481b-bc2f-b19c62da0a71.png,,WA,8,likely_state_or_province_level,PRODUCTION,USWATUKWILABO,WA Tukwila
US,False,Business and Occupation Tax Return,2018-01-01T00:00:00,9999-12-31T00:00:00,descriptive_state_level_label,WATUMWATERBOA,1,0,https://s3-us-west-2.amazonaws.com/tax-form-catalog-prd-us-west-2-data/tax-form-catalog/png/d56c9605-144f-47e3-97d7-3778f989929c.png,,WA,4,likely_state_or_province_level,PRODUCTION,USWATUMWATERBOA,WA Tumwater BO Annual
US,False,Business and Occupation Tax Return,2023-08-01T00:00:00,9999-12-31T00:00:00,descriptive_state_level_label,WATUMWATERBOQ,1,0,https://s3-us-west-2.amazonaws.com/tax-form-catalog-prd-us-west-2-data/tax-form-catalog/png/eadfbf91-6f2b-4378-adda-d66c7c403bfc.png,,WA,33,likely_state_or_province_level,PRODUCTION,USWATUMWATERBOQ,WA Tumwater BO Quarterly
US,False,Business and Occupation Tax Return,1900-01-01T00:00:00,9999-12-31T00:00:00,descriptive_state_level_label,WAWESTPORTBO,1,0,https://s3-us-west-2.amazonaws.com/tax-form-catalog-prd-us-west-2-data/tax-form-catalog/png/c3acf034-c6fd-4184-933d-df197c9e9ac4.png,,WA,5,likely_state_or_province_level,PRODUCTION,USWAWESTPORTBO,WA Westport BO
US,False,Business and Occupation Tax Return,2010-05-01T00:00:00,9999-12-31T00:00:00,descriptive_state_level_label,WAYELMBO,1,0,https://s3-us-west-2.amazonaws.com/tax-form-catalog-prd-us-west-2-data/tax-form-catalog/png/9501e43f-505d-4de8-ad7f-b941c7ec3894.png,,WA,23,likely_state_or_province_level,PRODUCTION,USWAYELMBO,WA Yelm BO
US,False,Premier Resort Area Tax Return,2022-01-01T00:00:00,9999-12-31T00:00:00,likely_official_or_near_official,WIPREMIERRESORT,1,0,https://s3-us-west-2.amazonaws.com/tax-form-catalog-prd-us-west-2-data/tax-form-catalog/png/ccb84917-0c99-4407-a8d9-4a8d93695e67.png,,WI,9,likely_state_or_province_level,PRODUCTION,USWIPREMIERRESORT,WI PRA 12
US,False,SST Electronic Return,1900-01-01T00:00:00,9999-12-31T00:00:00,descriptive_state_level_label,WISER,1,0,https://s3-us-west-2.amazonaws.com/tax-form-catalog-prd-us-west-2-data/tax-form-catalog/png/ff41e382-c720-445d-ba30-294429b4094a.png,,WI,157,likely_state_or_province_level,PRODUCTION,USWISER,WI SER
US,False,"Sales & Use Tax Return (State, County, Stadium Sales & Use Tax)",2025-04-01T00:00:00,9999-12-31T00:00:00,likely_official_or_near_official,WIST12CT,1,0,https://s3-us-west-2.amazonaws.com/tax-form-catalog-prd-us-west-2-data/tax-form-catalog/png/441922f0-e02c-48f9-a573-63337e09ad88.png,,WI,109,likely_state_or_province_level,PRODUCTION,USWIST12CT,WI ST12 CT
US,False,Business and Occupation Tax Return,2018-01-01T00:00:00,9999-12-31T00:00:00,descriptive_state_level_label,WVBARBOURSVILLEBO,1,0,https://s3-us-west-2.amazonaws.com/tax-form-catalog-prd-us-west-2-data/tax-form-catalog/png/b4502d88-9f69-4605-8758-d2d8d14586dc.png,,WV,8,likely_state_or_province_level,PRODUCTION,USWVBARBOURSVILLEBO,WV Barboursville BO
US,False,Business and Occupation Tax Return,2023-09-01T00:00:00,9999-12-31T00:00:00,descriptive_state_level_label,USWVBECKLEYBO,1,0,https://s3-us-west-2.amazonaws.com/tax-form-catalog-prd-us-west-2-data/tax-form-catalog/png/5f972e69-abd3-438f-9301-fd55dd278904.png,,WV,12,likely_state_or_province_level,PRODUCTION,USWVBECKLEYBO,WV Beckley BO
US,False,Quarterly B&O Privilege Tax,2024-01-01T00:00:00,9999-12-31T00:00:00,descriptive_state_level_label,USWVBLUEFIELDBO,1,0,https://s3-us-west-2.amazonaws.com/tax-form-catalog-prd-us-west-2-data/tax-form-catalog/png/508444ee-f620-456e-b434-cee7efda420c.png,,WV,11,likely_state_or_province_level,PRODUCTION,USWVBLUEFIELDBO,WV Bluefield BO
US,False,Business and Occupation Tax Return,1990-01-02T00:00:00,9999-12-31T00:00:00,descriptive_state_level_label,WVBRIDGEPORTBO,1,0,https://s3-us-west-2.amazonaws.com/tax-form-catalog-prd-us-west-2-data/tax-form-catalog/png/caddaa54-b430-4eb7-bc45-d3f6415b308d.png,,WV,13,likely_state_or_province_level,PRODUCTION,USWVBRIDGEPORTBO,WV Bridgeport BO
US,False,Business and Occupation Tax Return,1900-01-01T00:00:00,9999-12-31T00:00:00,descriptive_state_level_label,WVBUCKHANNONBO,1,0,https://s3-us-west-2.amazonaws.com/tax-form-catalog-prd-us-west-2-data/tax-form-catalog/png/c802d379-03ce-4880-9609-c3d36ce05715.png,,WV,2,likely_state_or_province_level,PRODUCTION,USWVBUCKHANNONBO,WV Buckhannon BO
US,False,Business and Occupation Tax Return,2022-10-01T00:00:00,9999-12-31T00:00:00,descriptive_state_level_label,WVCHARLESTONBO,1,0,https://s3-us-west-2.amazonaws.com/tax-form-catalog-prd-us-west-2-data/tax-form-catalog/png/0992a973-2017-4d75-b059-538c7fe0d5a4.png,,WV,11,likely_state_or_province_level,PRODUCTION,USWVCHARLESTONBO,WV Charleston BO
US,False,Combined Sales and Use Tax Return,2025-06-01T00:00:00,9999-12-31T00:00:00,likely_official_or_near_official,WVCST200CU,1,0,https://s3-us-west-2.amazonaws.com/tax-form-catalog-prd-us-west-2-data/tax-form-catalog/png/d8acc7f3-b509-466a-b823-5507a0833ce0.png,,WV,65,likely_state_or_province_level,PRODUCTION,USWVCST200CU,WV CST200 CU
US,False,Business and Occupation Tax Return,1990-01-01T00:00:00,9999-12-31T00:00:00,descriptive_state_level_label,WVDUNBARBO,1,0,https://s3-us-west-2.amazonaws.com/tax-form-catalog-prd-us-west-2-data/tax-form-catalog/png/d2df0fd5-a311-4495-80d8-58446d8e0fcc.png,,WV,3,likely_state_or_province_level,PRODUCTION,USWVDUNBARBO,WV Dunbar BO
US,False,Business and Occupation Tax Return,2016-12-01T00:00:00,9999-12-31T00:00:00,descriptive_state_level_label,WVFAIRMONTBO,1,0,https://s3-us-west-2.amazonaws.com/tax-form-catalog-prd-us-west-2-data/tax-form-catalog/png/a0d4ec5c-a7c9-4419-8085-dfc43ac6eeb8.png,,WV,16,likely_state_or_province_level,PRODUCTION,USWVFAIRMONTBO,WV Fairmont BO
US,False,Business and Occupation Tax Return,1900-01-01T00:00:00,9999-12-31T00:00:00,descriptive_state_level_label,WVFOLLANSBEEBO,1,0,https://s3-us-west-2.amazonaws.com/tax-form-catalog-prd-us-west-2-data/tax-form-catalog/png/2477614f-13d3-4512-b311-e0a6a1884f6e.png,,WV,0,likely_state_or_province_level,PRODUCTION,USWVFOLLANSBEEBO,WV Follansbee BO
US,False,Business and Occupation Tax Return,1900-01-01T00:00:00,9999-12-31T00:00:00,descriptive_state_level_label,WVGRAFTONBO,1,0,https://s3-us-west-2.amazonaws.com/tax-form-catalog-prd-us-west-2-data/tax-form-catalog/png/e39b8975-4096-45d5-b6e4-50943af437dc.png,,WV,0,likely_state_or_province_level,PRODUCTION,USWVGRAFTONBO,WV GRAFTON BO
US,False,Business and Occupation Tax Return,1900-01-01T00:00:00,9999-12-31T00:00:00,descriptive_state_level_label,WVHARPERSFERRYBO,1,0,https://s3-us-west-2.amazonaws.com/tax-form-catalog-prd-us-west-2-data/tax-form-catalog/png/22eb17e0-439b-46ab-bdac-b3b3fd2f50ef.png,,WV,2,likely_state_or_province_level,PRODUCTION,USWVHARPERSFERRYBO,WV Harpers Ferry BO
US,False,Business and Occupation Tax Return,2024-02-01T00:00:00,9999-12-31T00:00:00,descriptive_state_level_label,WVHUNTINGTONBO,1,0,https://s3-us-west-2.amazonaws.com/tax-form-catalog-prd-us-west-2-data/tax-form-catalog/png/f627e448-2dcd-4ba5-a466-a58f557552a5.png,,WV,22,likely_state_or_province_level,PRODUCTION,USWVHUNTINGTONBO,WV Huntington BO
US,False,Business and Occupation Tax Return,2026-01-01T00:00:00,9999-12-31T00:00:00,descriptive_state_level_label,WVMARTINSBURGBO,1,0,https://s3-us-west-2.amazonaws.com/tax-form-catalog-prd-us-west-2-data/tax-form-catalog/png/0ff618a8-2945-48cb-9d92-f529296e1b9e.png,,WV,11,likely_state_or_province_level,PRODUCTION,USWVMARTINSBURGBO,WV Martinsburg BO
US,False,Business and Occupation Tax Return,1899-12-31T00:00:00,9999-12-31T00:00:00,descriptive_state_level_label,WVMILTONBO,1,0,https://s3-us-west-2.amazonaws.com/tax-form-catalog-prd-us-west-2-data/tax-form-catalog/png/62b5e2fd-ebde-463d-b48d-1a4ce44cbe7b.png,,WV,2,likely_state_or_province_level,PRODUCTION,USWVMILTONBO,WV Milton BO
US,False,Business and Occupation Tax Return,1900-01-01T00:00:00,9999-12-31T00:00:00,descriptive_state_level_label,WVMOUNDSVILLEBO,1,0,https://s3-us-west-2.amazonaws.com/tax-form-catalog-prd-us-west-2-data/tax-form-catalog/png/79394faf-6cc8-4d3c-9a42-9d5afb525ed6.png,,WV,2,likely_state_or_province_level,PRODUCTION,USWVMOUNDSVILLEBO,WV Moundsville BO
US,False,Business and Occupation Tax Return,1900-01-01T00:00:00,9999-12-31T00:00:00,descriptive_state_level_label,WVNEWCUMBERLANDBO,1,0,https://s3-us-west-2.amazonaws.com/tax-form-catalog-prd-us-west-2-data/tax-form-catalog/png/8b44f497-0246-413c-acdf-42b82e64c2a7.png,,WV,1,likely_state_or_province_level,PRODUCTION,USWVNEWCUMBERLANDBO,WV New Cumberland BO
US,False,Business and Occupation Tax Return,2016-12-01T00:00:00,9999-12-31T00:00:00,descriptive_state_level_label,USWVPOINTPLEASANT,1,0,https://s3-us-west-2.amazonaws.com/tax-form-catalog-prd-us-west-2-data/tax-form-catalog/png/5dfd5c6b-7403-4ddf-9b7d-12b7043dbdd3.png,,WV,1,likely_state_or_province_level,PRODUCTION,USWVPOINTPLEASANT,WV Point Pleasant BO
US,False,West Virginia Annual Estimated Prepayment,1900-01-01T00:00:00,9999-12-31T00:00:00,descriptive_or_internal_label,WVPREPAY,1,0,https://s3-us-west-2.amazonaws.com/tax-form-catalog-prd-us-west-2-data/tax-form-catalog/png/3763bc9d-e908-4a55-ab51-f3bb8ecc7eca.png,,WV,3,likely_state_or_province_level,PRODUCTION,USWVPREPAY,WV Annual Estimated Prepayment
US,False,Business and Occupation Tax Return,2023-12-01T00:00:00,9999-12-31T00:00:00,descriptive_state_level_label,USWVPRINCETON,1,0,https://s3-us-west-2.amazonaws.com/tax-form-catalog-prd-us-west-2-data/tax-form-catalog/png/7c654ecc-1a3c-43eb-a1e5-1ed49a54e0e3.png,,WV,7,likely_state_or_province_level,PRODUCTION,USWVPRINCETON,WV Princeton BO
US,False,Business and Occupation Tax Return,1900-01-01T00:00:00,9999-12-31T00:00:00,descriptive_state_level_label,WVRAVENSWOODBO,1,0,https://s3-us-west-2.amazonaws.com/tax-form-catalog-prd-us-west-2-data/tax-form-catalog/png/28bb5dd8-7019-4a2c-9c48-019aeb22194b.png,,WV,1,likely_state_or_province_level,PRODUCTION,USWVRAVENSWOODBO,WV Ravenswood BO
US,False,Business and Occupation Tax Return,2016-12-01T00:00:00,9999-12-31T00:00:00,descriptive_state_level_label,USWVRIPLEYBO,1,0,https://s3-us-west-2.amazonaws.com/tax-form-catalog-prd-us-west-2-data/tax-form-catalog/png/646af81f-9efc-42fa-8ef8-605f71dba27e.png,,WV,1,likely_state_or_province_level,PRODUCTION,USWVRIPLEYBO,WV Ripley BO
US,False,SST Electronic Return,1900-01-01T00:00:00,9999-12-31T00:00:00,descriptive_state_level_label,WVSER,1,0,https://s3-us-west-2.amazonaws.com/tax-form-catalog-prd-us-west-2-data/tax-form-catalog/png/ff41e382-c720-445d-ba30-294429b4094a.png,,WV,157,likely_state_or_province_level,PRODUCTION,USWVSER,WV SER
US,False,Business and Occupation Tax Return,1900-01-01T00:00:00,9999-12-31T00:00:00,descriptive_state_level_label,WVSOUTHCHARLESTONBO,1,0,https://s3-us-west-2.amazonaws.com/tax-form-catalog-prd-us-west-2-data/tax-form-catalog/png/3cf82f4d-a970-478e-9521-a94eac4974f3.png,,WV,6,likely_state_or_province_level,PRODUCTION,USWVSOUTHCHARLESTONBO,WV South Charleston BO
US,False,"City Of Saint Albans, Business & Occupation Tax Return - Annually",1900-01-01T00:00:00,9999-12-31T00:00:00,descriptive_state_level_label,WVSTALBANSBO,1,0,https://s3-us-west-2.amazonaws.com/tax-form-catalog-prd-us-west-2-data/tax-form-catalog/png/55bdb70e-066b-4c2d-9c7d-ebbd6073eec1.png,,WV,4,likely_state_or_province_level,PRODUCTION,USWVSTALBANSBO,WV Saint Albans Business and Occupation
US,False,Business and Occupation Tax Return,1900-01-01T00:00:00,9999-12-31T00:00:00,descriptive_state_level_label,WVWEIRTONBO,1,0,https://s3-us-west-2.amazonaws.com/tax-form-catalog-prd-us-west-2-data/tax-form-catalog/png/97336e6b-34ef-4892-a8bf-9347cdf08542.png,,WV,6,likely_state_or_province_level,PRODUCTION,USWVWEIRTONBO,WV Weirton BO
US,False,Business and Occupation Tax Return,1900-01-01T00:00:00,9999-12-31T00:00:00,descriptive_state_level_label,WVWESTONBO,1,0,https://s3-us-west-2.amazonaws.com/tax-form-catalog-prd-us-west-2-data/tax-form-catalog/png/1dfb18ae-7097-4bd6-8ad2-6ab9f8f302d6.png,,WV,4,likely_state_or_province_level,PRODUCTION,USWVWESTONBO,WV Weston BO
US,False,Business and Occupation Tax Return,2019-06-01T00:00:00,9999-12-31T00:00:00,descriptive_state_level_label,USWVWHEELING,1,0,https://s3-us-west-2.amazonaws.com/tax-form-catalog-prd-us-west-2-data/tax-form-catalog/png/a4fadf27-5583-41a2-85f7-497409444f87.png,,WV,13,likely_state_or_province_level,PRODUCTION,USWVWHEELING,WV Wheeling BO
US,False,Sales & Use Tax Return for Licensed Vendors,2025-04-01T00:00:00,9999-12-31T00:00:00,likely_official_or_near_official,WYF41,1,0,https://s3-us-west-2.amazonaws.com/tax-form-catalog-prd-us-west-2-data/tax-form-catalog/png/2f735279-8304-495a-8dd0-f56fe0e8a857.png,,WY,75,likely_state_or_province_level,PRODUCTION,USWYF41,WY Form 41
US,False,Sales & Use Tax Return for Annual Vendors,2025-01-01T00:00:00,9999-12-31T00:00:00,likely_official_or_near_official,WYF421,1,0,https://s3-us-west-2.amazonaws.com/tax-form-catalog-prd-us-west-2-data/tax-form-catalog/png/54a144ec-0809-434d-bde1-d6a8ad25103c.png,,WY,29,likely_state_or_province_level,PRODUCTION,USWYF421,WY Form 421
US,False,Sales Tax Return for Occasional Vendors,2020-01-01T00:00:00,9999-12-31T00:00:00,likely_official_or_near_official,WYF43,1,0,https://s3-us-west-2.amazonaws.com/tax-form-catalog-prd-us-west-2-data/tax-form-catalog/png/1046be95-b032-44f6-b780-0619577d221f.png,,WY,9,likely_state_or_province_level,PRODUCTION,USWYF43,WY Form 431
US,False,SST Electronic Return,1900-01-01T00:00:00,9999-12-31T00:00:00,descriptive_state_level_label,WYSER,1,0,https://s3-us-west-2.amazonaws.com/tax-form-catalog-prd-us-west-2-data/tax-form-catalog/png/ff41e382-c720-445d-ba30-294429b4094a.png,,WY,157,likely_state_or_province_level,PRODUCTION,USWYSER,WY SER
